R [[-8.40926142, 4.17206906,-0.84055179,-6.36640662, 9.20005087, 9.15910674,
   7.10383875,-1.7496462 ,-9.46746967]]|[[ 9.27804741, 8.24677489, 7.3087973 ,-0.18474542,-3.67197818, 6.41408025,
  10.9418765 , 8.24045716,-1.42853934]]|[[  9.62647446,-11.47016377, -1.66889113,  3.12816807,  7.02217338,
   -7.28107074,  2.57238757, -5.91742084, -1.60096955]]
E SIM_GPS_DRIFTALT 62.9469920625
C MAV_CMD_DO_SEND_BANNER 26,87,21,42,25,78,68
P PILOT_THR_BHV 2
C MAV_CMD_SOLO_BTN_PAUSE_CLICK 23,85,52,79,5,14,6
P FENCE_ALT_MAX 789
R [[ -7.90429848,-10.80754645, -4.09577669,  0.21973292, -5.32495995,
   10.0707918 , -6.58130332,  8.46391845,  7.95548287]]|[[ 10.0573333 ,  1.38132266,  2.55083239,-10.25749376,  5.44879691,
   -6.07505725,  8.97999504, -7.15084873, -1.37530954]]|[[  3.85156589,-11.09298053, -2.93948766,-11.40299822,  4.74621918,
  -10.45076157,  5.53829234,  0.47781109,  3.9918587 ]]
E SIM_IMU_POS_Y 86.7022144017
E SIM_GPS_NOISE 37.0777445217
C MAV_CMD_DO_PAUSE_CONTINUE 5,82,8,17,47,69,76
C MAV_CMD_NAV_LOITER_TURNS 16,18,9,30,18,68,25
C MAV_CMD_NAV_LOITER_TURNS 48,77,62,88,93,99,98
C MAV_CMD_COMPONENT_ARM_DISARM 58,13,64,87,38,87,85
R [[ -1.8275864 ,-11.12940562,  5.46882523, 10.40149847,  2.88768997,
   -1.64879518,  5.72716029, 10.35766485,  2.64264353]]|[[ 2.44331165,-4.35509071,-2.2439864 ,-1.11123331,10.34960723, 3.81315372,
   4.67632429,-6.36781076,-7.98569395]]|[[ -9.67461393, -6.86915222, -0.263088  ,  9.20327345,  6.69623084,
   -2.88147652, -4.26891941,  6.59164871,-11.29481037]]
C MAV_CMD_FIXED_MAG_CAL 79,60,38,14,38,24,26
P ATC_RATE_R_MAX 477
C MAV_CMD_CONDITION_DELAY 33,39,43,36,74,90,82
E SIM_TIDE_DIR 36.5354109851
E SIM_TWIST_TIME 7.16248674581
E SIM_ACCEL_FAIL 96.3480855528
E SIM_GPS_POS_Y 69.4160176992
