R [-26.67521919  -4.63323991  10.54328907  -6.04254664  -1.14419729
 -29.34631663 -18.75091759  -5.68034021 -13.33633581]|[ -9.17683138 -22.54527262  -2.75532801   1.63339547   8.35686597
 -24.25582087 -23.78134796 -11.73861035  -6.52121244]|[-10.05578032 -22.11141894 -18.032266    -3.93876487 -15.10708854
  -9.80910379 -22.76886804  10.87463777 -12.95552953]|
P EK2_VELD_M_NSE 4.8229593974
E SIM_MAG_DIA_Z 97.4371467343
R [-11.71944007  -8.404267   -13.5803852   -9.3099582  -36.07253085
 -13.48942761 -31.4183901  -12.7950194  -27.02112334]|[-16.59234044  -9.01717887  -8.57523931  12.64612825 -25.51877108
  -8.31374164  -2.30351841 -13.81039548   2.24305169]|[-26.92144043 -17.19342539   2.45407385  -9.91986256  -9.40923704
   1.07947077 -15.9659141  -15.31124669  -2.47128058]|
P RTL_ALT_FINAL 597
C MAV_CMD_DO_SET_HOME 1,70,40,49,97,69,22
E SIM_PLD_LON 10.6259156716
E SIM_TIDE_SPEED 19.928147994
E SIM_WIND_SPD 30.3781671566
