R [[-5.730152910110121, -0.2483815937110716, 11.650008647659579, -4.058540185104499, -1.7900903568321134, -0.6212634087508064, 7.497657716556116, 4.699019175220968, -7.279594783071434]]|[[-5.730152910110121, -0.2483815937110716, 11.650008647659579, -4.058540185104499, -1.7900903568321134, -0.6212634087508064, 7.497657716556116, 4.699019175220968, -7.279594783071434]]|[[-5.730152910110121, -0.2483815937110716, 11.650008647659579, -4.058540185104499, -1.7900903568321134, -0.6212634087508064, 7.497657716556116, 4.699019175220968, -7.279594783071434]]
R [[10.275225816039622, 10.764922582871208, -11.044904535944568, 11.314351867122202, 0.3961345665824325, 4.228097241698855, -11.641003091698261, -8.164971437141796, -2.5199975161224373]]|[[10.275225816039622, 10.764922582871208, -11.044904535944568, 11.314351867122202, 0.3961345665824325, 4.228097241698855, -11.641003091698261, -8.164971437141796, -2.5199975161224373]]|[[10.275225816039622, 10.764922582871208, -11.044904535944568, 11.314351867122202, 0.3961345665824325, 4.228097241698855, -11.641003091698261, -8.164971437141796, -2.5199975161224373]]
R [[-11.488024411831002, 3.308254329647836, 11.345665092055498, 6.601688618836615, -0.4909874631600779, 5.781080278831034, -11.447873730892821, 11.099582638425701, 6.570938980441035]]|[[-11.488024411831002, 3.308254329647836, 11.345665092055498, 6.601688618836615, -0.4909874631600779, 5.781080278831034, -11.447873730892821, 11.099582638425701, 6.570938980441035]]|[[-11.488024411831002, 3.308254329647836, 11.345665092055498, 6.601688618836615, -0.4909874631600779, 5.781080278831034, -11.447873730892821, 11.099582638425701, 6.570938980441035]]
R [[-5.947626032492088, -7.13830275785096, 2.8536456077984305, 9.730474941646257, -11.239494005268737, 10.135345253036043, 6.649715810062908, -9.48232405549887, 6.362665365374358]]|[[-5.947626032492088, -7.13830275785096, 2.8536456077984305, 9.730474941646257, -11.239494005268737, 10.135345253036043, 6.649715810062908, -9.48232405549887, 6.362665365374358]]|[[-5.947626032492088, -7.13830275785096, 2.8536456077984305, 9.730474941646257, -11.239494005268737, 10.135345253036043, 6.649715810062908, -9.48232405549887, 6.362665365374358]]
R [[-8.578499891086611, 9.429093621555161, -9.942567563532151, -2.793291659654134, -5.734946303454636, 10.634993595388345, 9.45288391171633, 10.891747031440595, -3.592070852461976]]|[[-8.578499891086611, 9.429093621555161, -9.942567563532151, -2.793291659654134, -5.734946303454636, 10.634993595388345, 9.45288391171633, 10.891747031440595, -3.592070852461976]]|[[-8.578499891086611, 9.429093621555161, -9.942567563532151, -2.793291659654134, -5.734946303454636, 10.634993595388345, 9.45288391171633, 10.891747031440595, -3.592070852461976]]
R [[-6.462545261380484, 4.208098221471168, 11.104937478120647, 6.7840480665488485, -8.557218251928465, 3.573279467032048, 11.198897452650073, 7.298222258373748, -0.6060683486423954]]|[[-6.462545261380484, 4.208098221471168, 11.104937478120647, 6.7840480665488485, -8.557218251928465, 3.573279467032048, 11.198897452650073, 7.298222258373748, -0.6060683486423954]]|[[-6.462545261380484, 4.208098221471168, 11.104937478120647, 6.7840480665488485, -8.557218251928465, 3.573279467032048, 11.198897452650073, 7.298222258373748, -0.6060683486423954]]
R [[-3.328527046290059, 1.5044493077608845, -1.8994413808208073, 4.194681639511611, 7.127840548123377, 2.7406938609164015, -4.482297964053347, -9.279988590037956, -6.518926643103787]]|[[-3.328527046290059, 1.5044493077608845, -1.8994413808208073, 4.194681639511611, 7.127840548123377, 2.7406938609164015, -4.482297964053347, -9.279988590037956, -6.518926643103787]]|[[-3.328527046290059, 1.5044493077608845, -1.8994413808208073, 4.194681639511611, 7.127840548123377, 2.7406938609164015, -4.482297964053347, -9.279988590037956, -6.518926643103787]]
R [[-9.628978086580524, -5.673403770905417, 5.1258783851489085, 8.775918791655556, -5.825213385311209, 0.6704831769315369, -4.422783739309716, 5.824548089498798, -9.827756037256517]]|[[-9.628978086580524, -5.673403770905417, 5.1258783851489085, 8.775918791655556, -5.825213385311209, 0.6704831769315369, -4.422783739309716, 5.824548089498798, -9.827756037256517]]|[[-9.628978086580524, -5.673403770905417, 5.1258783851489085, 8.775918791655556, -5.825213385311209, 0.6704831769315369, -4.422783739309716, 5.824548089498798, -9.827756037256517]]
R [[-1.0128446259328694, 9.654909958856216, -5.875107941434923, -6.402664600500879, -5.350761828914984, 10.874914954836477, -10.389191759233466, 2.6626102714806095, -5.257392680206485]]|[[-1.0128446259328694, 9.654909958856216, -5.875107941434923, -6.402664600500879, -5.350761828914984, 10.874914954836477, -10.389191759233466, 2.6626102714806095, -5.257392680206485]]|[[-1.0128446259328694, 9.654909958856216, -5.875107941434923, -6.402664600500879, -5.350761828914984, 10.874914954836477, -10.389191759233466, 2.6626102714806095, -5.257392680206485]]
R [[2.769055693364745, 10.092558430898968, -0.49226410288699185, 10.379219179043027, -1.7918012641537793, -8.745486294690439, 5.22160621395075, 7.893697255159822, 1.483012100594852]]|[[2.769055693364745, 10.092558430898968, -0.49226410288699185, 10.379219179043027, -1.7918012641537793, -8.745486294690439, 5.22160621395075, 7.893697255159822, 1.483012100594852]]|[[2.769055693364745, 10.092558430898968, -0.49226410288699185, 10.379219179043027, -1.7918012641537793, -8.745486294690439, 5.22160621395075, 7.893697255159822, 1.483012100594852]]
R [[-3.7671403477701944, 11.565775118017427, 2.44334239547811, 1.5239469386772235, 3.323293942976168, -10.323697187556032, 8.902458240758271, 10.131732005707494, -11.184679176458253]]|[[-3.7671403477701944, 11.565775118017427, 2.44334239547811, 1.5239469386772235, 3.323293942976168, -10.323697187556032, 8.902458240758271, 10.131732005707494, -11.184679176458253]]|[[-3.7671403477701944, 11.565775118017427, 2.44334239547811, 1.5239469386772235, 3.323293942976168, -10.323697187556032, 8.902458240758271, 10.131732005707494, -11.184679176458253]]
R [[-9.88118121108684, -6.919369845765572, 10.976034822803225, 0.781305362587311, -5.209158464769438, -9.747794424086536, -10.133841613385606, 9.180334101351459, 2.2050027611157113]]|[[-9.88118121108684, -6.919369845765572, 10.976034822803225, 0.781305362587311, -5.209158464769438, -9.747794424086536, -10.133841613385606, 9.180334101351459, 2.2050027611157113]]|[[-9.88118121108684, -6.919369845765572, 10.976034822803225, 0.781305362587311, -5.209158464769438, -9.747794424086536, -10.133841613385606, 9.180334101351459, 2.2050027611157113]]
R [[-7.214822588658703, 6.7998448713411435, 11.448025293122853, -1.216291759475789, -2.828604146870182, 2.1737353037075096, -8.426369186801054, -8.588830865626637, 0.7084110585415377]]|[[-7.214822588658703, 6.7998448713411435, 11.448025293122853, -1.216291759475789, -2.828604146870182, 2.1737353037075096, -8.426369186801054, -8.588830865626637, 0.7084110585415377]]|[[-7.214822588658703, 6.7998448713411435, 11.448025293122853, -1.216291759475789, -2.828604146870182, 2.1737353037075096, -8.426369186801054, -8.588830865626637, 0.7084110585415377]]
R [[-9.64406469111975, -9.991162220564775, -11.358342860782994, -7.431016964475846, 10.813675646035332, 4.329139622409908, 6.367391420252481, -7.053947489870002, -1.5042780816095522]]|[[-9.64406469111975, -9.991162220564775, -11.358342860782994, -7.431016964475846, 10.813675646035332, 4.329139622409908, 6.367391420252481, -7.053947489870002, -1.5042780816095522]]|[[-9.64406469111975, -9.991162220564775, -11.358342860782994, -7.431016964475846, 10.813675646035332, 4.329139622409908, 6.367391420252481, -7.053947489870002, -1.5042780816095522]]
R [[7.941196288082523, 0.6489398337971721, 3.849335748854946, 2.9923802871976406, 2.2817497515895333, 9.43105267293057, -6.8174728872240316, 8.67532823121709, 8.104107482189725]]|[[7.941196288082523, 0.6489398337971721, 3.849335748854946, 2.9923802871976406, 2.2817497515895333, 9.43105267293057, -6.8174728872240316, 8.67532823121709, 8.104107482189725]]|[[7.941196288082523, 0.6489398337971721, 3.849335748854946, 2.9923802871976406, 2.2817497515895333, 9.43105267293057, -6.8174728872240316, 8.67532823121709, 8.104107482189725]]
R [[11.049255805879, 7.158003752839992, 1.6341114850694538, 8.682127015442433, 2.250002758957473, 0.9249241852059242, 9.96542275582038, 9.411117282422605, -4.366878560025281]]|[[11.049255805879, 7.158003752839992, 1.6341114850694538, 8.682127015442433, 2.250002758957473, 0.9249241852059242, 9.96542275582038, 9.411117282422605, -4.366878560025281]]|[[11.049255805879, 7.158003752839992, 1.6341114850694538, 8.682127015442433, 2.250002758957473, 0.9249241852059242, 9.96542275582038, 9.411117282422605, -4.366878560025281]]
R [[7.768804599083843, -4.84638271618806, 6.767847984255994, -5.179398283827991, -4.810228028450434, 9.99405030765477, -8.746941514047881, -7.913599165366224, 5.133631275831277]]|[[7.768804599083843, -4.84638271618806, 6.767847984255994, -5.179398283827991, -4.810228028450434, 9.99405030765477, -8.746941514047881, -7.913599165366224, 5.133631275831277]]|[[7.768804599083843, -4.84638271618806, 6.767847984255994, -5.179398283827991, -4.810228028450434, 9.99405030765477, -8.746941514047881, -7.913599165366224, 5.133631275831277]]
R [[3.202541044406905, 0.4093556580273159, -1.0335761639888084, -2.1017643819182723, 3.8864449386240096, -3.545901956096081, -2.1931910065325955, 3.989495260522478, 7.46620567786524]]|[[3.202541044406905, 0.4093556580273159, -1.0335761639888084, -2.1017643819182723, 3.8864449386240096, -3.545901956096081, -2.1931910065325955, 3.989495260522478, 7.46620567786524]]|[[3.202541044406905, 0.4093556580273159, -1.0335761639888084, -2.1017643819182723, 3.8864449386240096, -3.545901956096081, -2.1931910065325955, 3.989495260522478, 7.46620567786524]]
R [[-9.591140465103168, 11.669462624856934, -10.861203490244627, -4.149414435022817, 10.11584200847063, -8.734051506900801, -10.646631796065057, 2.005285305168945, -3.520922057905315]]|[[-9.591140465103168, 11.669462624856934, -10.861203490244627, -4.149414435022817, 10.11584200847063, -8.734051506900801, -10.646631796065057, 2.005285305168945, -3.520922057905315]]|[[-9.591140465103168, 11.669462624856934, -10.861203490244627, -4.149414435022817, 10.11584200847063, -8.734051506900801, -10.646631796065057, 2.005285305168945, -3.520922057905315]]
R [[6.024979397976004, 6.679472837488866, -5.249709394852822, 2.4147899009147267, 4.22649742587522, -9.219699644766067, -0.6691098810614982, 7.921811247346245, 7.825868333460953]]|[[6.024979397976004, 6.679472837488866, -5.249709394852822, 2.4147899009147267, 4.22649742587522, -9.219699644766067, -0.6691098810614982, 7.921811247346245, 7.825868333460953]]|[[6.024979397976004, 6.679472837488866, -5.249709394852822, 2.4147899009147267, 4.22649742587522, -9.219699644766067, -0.6691098810614982, 7.921811247346245, 7.825868333460953]]
R [[5.256092391238674, 6.87391749519162, -5.479951502885813, -11.877910857871612, -6.3805700999365795, -1.8683260020441637, 9.216369944662588, 9.96694431013183, -8.647781824870549]]|[[5.256092391238674, 6.87391749519162, -5.479951502885813, -11.877910857871612, -6.3805700999365795, -1.8683260020441637, 9.216369944662588, 9.96694431013183, -8.647781824870549]]|[[5.256092391238674, 6.87391749519162, -5.479951502885813, -11.877910857871612, -6.3805700999365795, -1.8683260020441637, 9.216369944662588, 9.96694431013183, -8.647781824870549]]
R [[7.189993925026716, 10.51628619468929, 11.239240656028425, 6.349095040422036, -2.506715363617584, 7.027542961566411, 10.490977522689558, -6.482699748342795, 3.1625982164242803]]|[[7.189993925026716, 10.51628619468929, 11.239240656028425, 6.349095040422036, -2.506715363617584, 7.027542961566411, 10.490977522689558, -6.482699748342795, 3.1625982164242803]]|[[7.189993925026716, 10.51628619468929, 11.239240656028425, 6.349095040422036, -2.506715363617584, 7.027542961566411, 10.490977522689558, -6.482699748342795, 3.1625982164242803]]
R [[-1.5341681024509715, -7.677519304672488, 5.479948595049997, 1.6862428471580717, -5.875066493938712, 3.67327316827671, 7.395038161129577, 7.487573551339068, -1.9814702058966134]]|[[-1.5341681024509715, -7.677519304672488, 5.479948595049997, 1.6862428471580717, -5.875066493938712, 3.67327316827671, 7.395038161129577, 7.487573551339068, -1.9814702058966134]]|[[-1.5341681024509715, -7.677519304672488, 5.479948595049997, 1.6862428471580717, -5.875066493938712, 3.67327316827671, 7.395038161129577, 7.487573551339068, -1.9814702058966134]]
R [[-9.05516638291266, 5.5109352264586065, -3.1363628513149777, -5.500504816757704, -2.8428686202931495, 6.854960913044373, 1.8108311916390178, -6.250042907180328, -10.264203838961842]]|[[-9.05516638291266, 5.5109352264586065, -3.1363628513149777, -5.500504816757704, -2.8428686202931495, 6.854960913044373, 1.8108311916390178, -6.250042907180328, -10.264203838961842]]|[[-9.05516638291266, 5.5109352264586065, -3.1363628513149777, -5.500504816757704, -2.8428686202931495, 6.854960913044373, 1.8108311916390178, -6.250042907180328, -10.264203838961842]]
R [[-2.9279533019311472, -4.116308830303431, 4.184285511759846, -10.721606931199545, 0.9647112263721489, -7.387521086502777, -0.6279498695008634, 5.70008463518932, 0.9004189922534316]]|[[-2.9279533019311472, -4.116308830303431, 4.184285511759846, -10.721606931199545, 0.9647112263721489, -7.387521086502777, -0.6279498695008634, 5.70008463518932, 0.9004189922534316]]|[[-2.9279533019311472, -4.116308830303431, 4.184285511759846, -10.721606931199545, 0.9647112263721489, -7.387521086502777, -0.6279498695008634, 5.70008463518932, 0.9004189922534316]]
R [[8.293497001803438, 10.088258950842135, -0.01563445383928297, 8.689315190999174, -8.13068591102759, 0.09283576903640878, -1.4644274406790796, -7.4082474098348, -2.724115950023833]]|[[8.293497001803438, 10.088258950842135, -0.01563445383928297, 8.689315190999174, -8.13068591102759, 0.09283576903640878, -1.4644274406790796, -7.4082474098348, -2.724115950023833]]|[[8.293497001803438, 10.088258950842135, -0.01563445383928297, 8.689315190999174, -8.13068591102759, 0.09283576903640878, -1.4644274406790796, -7.4082474098348, -2.724115950023833]]
R [[-2.9395442090324835, -8.512610565640237, -1.564577979748604, 0.7873385818274041, 0.33698078539525866, -9.406043922970888, 4.2498562198893595, -1.8825551402765583, 11.325594339403978]]|[[-2.9395442090324835, -8.512610565640237, -1.564577979748604, 0.7873385818274041, 0.33698078539525866, -9.406043922970888, 4.2498562198893595, -1.8825551402765583, 11.325594339403978]]|[[-2.9395442090324835, -8.512610565640237, -1.564577979748604, 0.7873385818274041, 0.33698078539525866, -9.406043922970888, 4.2498562198893595, -1.8825551402765583, 11.325594339403978]]
R [[6.592565553913488, 8.61888344979014, -0.6590077329728885, 1.9440400469796053, 7.5153807035383196, -1.2882768445251305, 10.139148202847764, -7.690514628712528, -5.926677709702248]]|[[6.592565553913488, 8.61888344979014, -0.6590077329728885, 1.9440400469796053, 7.5153807035383196, -1.2882768445251305, 10.139148202847764, -7.690514628712528, -5.926677709702248]]|[[6.592565553913488, 8.61888344979014, -0.6590077329728885, 1.9440400469796053, 7.5153807035383196, -1.2882768445251305, 10.139148202847764, -7.690514628712528, -5.926677709702248]]
R [[11.577047508899597, 3.429066741594326, -9.35583099941823, 5.559276544398269, 1.6281650155249956, 2.7838563817072526, 8.734984402262725, -5.970991099436883, -1.926170643738235]]|[[11.577047508899597, 3.429066741594326, -9.35583099941823, 5.559276544398269, 1.6281650155249956, 2.7838563817072526, 8.734984402262725, -5.970991099436883, -1.926170643738235]]|[[11.577047508899597, 3.429066741594326, -9.35583099941823, 5.559276544398269, 1.6281650155249956, 2.7838563817072526, 8.734984402262725, -5.970991099436883, -1.926170643738235]]
R [[8.960455012660137, -7.444534269833711, -1.2132279614033923, 9.187219750036054, -7.295242405933984, -8.830251324231527, -4.5619729945384755, 11.939707912289034, 0.30853271920470426]]|[[8.960455012660137, -7.444534269833711, -1.2132279614033923, 9.187219750036054, -7.295242405933984, -8.830251324231527, -4.5619729945384755, 11.939707912289034, 0.30853271920470426]]|[[8.960455012660137, -7.444534269833711, -1.2132279614033923, 9.187219750036054, -7.295242405933984, -8.830251324231527, -4.5619729945384755, 11.939707912289034, 0.30853271920470426]]
R [[-2.4583974953621492, 9.513393905553649, 7.934838938830822, -4.563974830870311, 1.5320934172944192, -8.439842263441669, -11.710382540768558, -3.3895934024907355, -2.15155869922274]]|[[-2.4583974953621492, 9.513393905553649, 7.934838938830822, -4.563974830870311, 1.5320934172944192, -8.439842263441669, -11.710382540768558, -3.3895934024907355, -2.15155869922274]]|[[-2.4583974953621492, 9.513393905553649, 7.934838938830822, -4.563974830870311, 1.5320934172944192, -8.439842263441669, -11.710382540768558, -3.3895934024907355, -2.15155869922274]]
R [[-6.9062364916317165, 10.150148923253955, 5.633882673811133, -8.223079766107535, 5.365047853164839, 9.545501874883392, -1.1078003572019792, 2.572163824277176, 6.967843989347351]]|[[-6.9062364916317165, 10.150148923253955, 5.633882673811133, -8.223079766107535, 5.365047853164839, 9.545501874883392, -1.1078003572019792, 2.572163824277176, 6.967843989347351]]|[[-6.9062364916317165, 10.150148923253955, 5.633882673811133, -8.223079766107535, 5.365047853164839, 9.545501874883392, -1.1078003572019792, 2.572163824277176, 6.967843989347351]]
R [[-6.848579969674163, -1.6512620793480757, -3.8879296878967757, -8.80269701589071, -2.8361218105724575, -8.695003462977194, 8.528315806956119, -9.491018863100486, 11.225912192647534]]|[[-6.848579969674163, -1.6512620793480757, -3.8879296878967757, -8.80269701589071, -2.8361218105724575, -8.695003462977194, 8.528315806956119, -9.491018863100486, 11.225912192647534]]|[[-6.848579969674163, -1.6512620793480757, -3.8879296878967757, -8.80269701589071, -2.8361218105724575, -8.695003462977194, 8.528315806956119, -9.491018863100486, 11.225912192647534]]
R [[6.432974720765571, -10.010487660051929, -10.139044463671615, -4.969725378560844, 5.586270816675558, 7.851229933637889, -11.233357749430908, -5.856052340611477, -10.34098686636894]]|[[6.432974720765571, -10.010487660051929, -10.139044463671615, -4.969725378560844, 5.586270816675558, 7.851229933637889, -11.233357749430908, -5.856052340611477, -10.34098686636894]]|[[6.432974720765571, -10.010487660051929, -10.139044463671615, -4.969725378560844, 5.586270816675558, 7.851229933637889, -11.233357749430908, -5.856052340611477, -10.34098686636894]]
R [[6.729643644284135, -7.71915652291292, 5.797213189455942, -2.31505234441925, -3.9995806449488818, 4.632385706193308, 3.474859843579214, -5.031073222958232, -8.998836641475904]]|[[6.729643644284135, -7.71915652291292, 5.797213189455942, -2.31505234441925, -3.9995806449488818, 4.632385706193308, 3.474859843579214, -5.031073222958232, -8.998836641475904]]|[[6.729643644284135, -7.71915652291292, 5.797213189455942, -2.31505234441925, -3.9995806449488818, 4.632385706193308, 3.474859843579214, -5.031073222958232, -8.998836641475904]]
R [[9.69805040333, 11.606874908194428, 6.751470803640505, -8.380121074190795, -4.9574961353283395, -10.191487264353874, 4.82313803324913, 11.012260781648521, -9.313656954147863]]|[[9.69805040333, 11.606874908194428, 6.751470803640505, -8.380121074190795, -4.9574961353283395, -10.191487264353874, 4.82313803324913, 11.012260781648521, -9.313656954147863]]|[[9.69805040333, 11.606874908194428, 6.751470803640505, -8.380121074190795, -4.9574961353283395, -10.191487264353874, 4.82313803324913, 11.012260781648521, -9.313656954147863]]
R [[7.132183005667763, -1.0646621554694455, -11.001439438200297, -2.5674274046522214, 11.954405599919355, 0.675834241199702, -0.6874381559593576, -7.459370298191388, -7.33323834423807]]|[[7.132183005667763, -1.0646621554694455, -11.001439438200297, -2.5674274046522214, 11.954405599919355, 0.675834241199702, -0.6874381559593576, -7.459370298191388, -7.33323834423807]]|[[7.132183005667763, -1.0646621554694455, -11.001439438200297, -2.5674274046522214, 11.954405599919355, 0.675834241199702, -0.6874381559593576, -7.459370298191388, -7.33323834423807]]
R [[4.317131296460662, 6.431164741095891, -4.414571867241208, 3.7283908278580657, 0.7115812304892852, -6.315779332678075, 5.809510881504295, -10.947893073126926, -1.028665680507391]]|[[4.317131296460662, 6.431164741095891, -4.414571867241208, 3.7283908278580657, 0.7115812304892852, -6.315779332678075, 5.809510881504295, -10.947893073126926, -1.028665680507391]]|[[4.317131296460662, 6.431164741095891, -4.414571867241208, 3.7283908278580657, 0.7115812304892852, -6.315779332678075, 5.809510881504295, -10.947893073126926, -1.028665680507391]]
R [[-11.61369599065209, 6.154104080290924, -5.423821728236358, 10.192614062003074, 5.664917725043402, 7.91876040973915, -1.8610785817073925, 4.6812812731361895, -5.303915750995661]]|[[-11.61369599065209, 6.154104080290924, -5.423821728236358, 10.192614062003074, 5.664917725043402, 7.91876040973915, -1.8610785817073925, 4.6812812731361895, -5.303915750995661]]|[[-11.61369599065209, 6.154104080290924, -5.423821728236358, 10.192614062003074, 5.664917725043402, 7.91876040973915, -1.8610785817073925, 4.6812812731361895, -5.303915750995661]]
R [[-5.199833080722275, 3.4831881832662006, -11.68745715187222, 4.050079964837337, 3.3056325215342905, -2.5192703324265047, 6.539873752355316, -2.517831500916955, 7.991890556182501]]|[[-5.199833080722275, 3.4831881832662006, -11.68745715187222, 4.050079964837337, 3.3056325215342905, -2.5192703324265047, 6.539873752355316, -2.517831500916955, 7.991890556182501]]|[[-5.199833080722275, 3.4831881832662006, -11.68745715187222, 4.050079964837337, 3.3056325215342905, -2.5192703324265047, 6.539873752355316, -2.517831500916955, 7.991890556182501]]
R [[1.9099175895312115, 3.7351703780105723, 8.168947763433188, -11.81926885511539, -8.078994589865168, 3.944506225836914, -0.03792542667889087, 7.503335338281364, 11.488737186521067]]|[[1.9099175895312115, 3.7351703780105723, 8.168947763433188, -11.81926885511539, -8.078994589865168, 3.944506225836914, -0.03792542667889087, 7.503335338281364, 11.488737186521067]]|[[1.9099175895312115, 3.7351703780105723, 8.168947763433188, -11.81926885511539, -8.078994589865168, 3.944506225836914, -0.03792542667889087, 7.503335338281364, 11.488737186521067]]
R [[4.904304527651732, 1.3337738524237128, -0.8579294634481442, 3.266744853866264, 0.8093364517525714, -11.762675279059096, 9.707243844791329, -6.9121995920093395, -6.946685181632935]]|[[4.904304527651732, 1.3337738524237128, -0.8579294634481442, 3.266744853866264, 0.8093364517525714, -11.762675279059096, 9.707243844791329, -6.9121995920093395, -6.946685181632935]]|[[4.904304527651732, 1.3337738524237128, -0.8579294634481442, 3.266744853866264, 0.8093364517525714, -11.762675279059096, 9.707243844791329, -6.9121995920093395, -6.946685181632935]]
R [[5.903407933251074, -5.4317512068205325, -1.2345773724177143, 10.275280814809431, -7.330900256414093, -9.78897307964013, 8.663550653273091, -4.337628559943268, 4.572300132192716]]|[[5.903407933251074, -5.4317512068205325, -1.2345773724177143, 10.275280814809431, -7.330900256414093, -9.78897307964013, 8.663550653273091, -4.337628559943268, 4.572300132192716]]|[[5.903407933251074, -5.4317512068205325, -1.2345773724177143, 10.275280814809431, -7.330900256414093, -9.78897307964013, 8.663550653273091, -4.337628559943268, 4.572300132192716]]
R [[5.890419828627923, 8.879647607447176, 6.016629898448187, 11.800868306645132, 9.285715107244702, -4.63205215284141, 3.8545217116121933, 2.2991924435566418, -3.928671746364472]]|[[5.890419828627923, 8.879647607447176, 6.016629898448187, 11.800868306645132, 9.285715107244702, -4.63205215284141, 3.8545217116121933, 2.2991924435566418, -3.928671746364472]]|[[5.890419828627923, 8.879647607447176, 6.016629898448187, 11.800868306645132, 9.285715107244702, -4.63205215284141, 3.8545217116121933, 2.2991924435566418, -3.928671746364472]]
R [[-6.321859859050533, 3.4742684908383232, 7.078377631439796, -1.755956190250057, 4.185027572107245, 2.0843315601161905, -10.254457889064076, 9.413035551761148, -7.34093304673555]]|[[-6.321859859050533, 3.4742684908383232, 7.078377631439796, -1.755956190250057, 4.185027572107245, 2.0843315601161905, -10.254457889064076, 9.413035551761148, -7.34093304673555]]|[[-6.321859859050533, 3.4742684908383232, 7.078377631439796, -1.755956190250057, 4.185027572107245, 2.0843315601161905, -10.254457889064076, 9.413035551761148, -7.34093304673555]]
R [[0.4826603096998543, 10.810008035222825, -3.0645463103257526, -4.408357585348678, 10.516937784183135, 9.135967328229913, 4.544693888456976, 7.03132136855551, -6.930928150300871]]|[[0.4826603096998543, 10.810008035222825, -3.0645463103257526, -4.408357585348678, 10.516937784183135, 9.135967328229913, 4.544693888456976, 7.03132136855551, -6.930928150300871]]|[[0.4826603096998543, 10.810008035222825, -3.0645463103257526, -4.408357585348678, 10.516937784183135, 9.135967328229913, 4.544693888456976, 7.03132136855551, -6.930928150300871]]
R [[-11.17739405350105, -1.7098420862289707, -9.473574520323954, 4.43384151578644, -8.64889372373446, -6.2476197201273225, 6.019645716696065, 9.72366670529405, 3.982608747824022]]|[[-11.17739405350105, -1.7098420862289707, -9.473574520323954, 4.43384151578644, -8.64889372373446, -6.2476197201273225, 6.019645716696065, 9.72366670529405, 3.982608747824022]]|[[-11.17739405350105, -1.7098420862289707, -9.473574520323954, 4.43384151578644, -8.64889372373446, -6.2476197201273225, 6.019645716696065, 9.72366670529405, 3.982608747824022]]
R [[1.8772526089452661, -4.0101674321300225, -3.986239569882933, -0.7603754458962726, -2.46249296569259, 3.6979894355055087, 9.590155538670306, -10.861658974529544, 1.2788919779996455]]|[[1.8772526089452661, -4.0101674321300225, -3.986239569882933, -0.7603754458962726, -2.46249296569259, 3.6979894355055087, 9.590155538670306, -10.861658974529544, 1.2788919779996455]]|[[1.8772526089452661, -4.0101674321300225, -3.986239569882933, -0.7603754458962726, -2.46249296569259, 3.6979894355055087, 9.590155538670306, -10.861658974529544, 1.2788919779996455]]
R [[8.50977896929992, 7.597604697791205, 3.2880123445407854, 2.34985551727695, 10.601092494880024, -10.263524971677093, -5.462173119222902, -6.443631235690588, 0.011103007367236017]]|[[8.50977896929992, 7.597604697791205, 3.2880123445407854, 2.34985551727695, 10.601092494880024, -10.263524971677093, -5.462173119222902, -6.443631235690588, 0.011103007367236017]]|[[8.50977896929992, 7.597604697791205, 3.2880123445407854, 2.34985551727695, 10.601092494880024, -10.263524971677093, -5.462173119222902, -6.443631235690588, 0.011103007367236017]]
R [[-2.0749228759754743, -0.804239471430197, 7.927334172983414, 6.299043298275716, -6.312034376825008, 7.65986582451513, 4.883463056991026, 4.014683907137261, 9.55343653441017]]|[[-2.0749228759754743, -0.804239471430197, 7.927334172983414, 6.299043298275716, -6.312034376825008, 7.65986582451513, 4.883463056991026, 4.014683907137261, 9.55343653441017]]|[[-2.0749228759754743, -0.804239471430197, 7.927334172983414, 6.299043298275716, -6.312034376825008, 7.65986582451513, 4.883463056991026, 4.014683907137261, 9.55343653441017]]
R [[10.262982544042046, -6.376916541727065, 5.270961143319319, -6.815713099983742, 0.13299812957724733, -7.759409134825511, 11.11792388771378, 1.2444065015122732, -7.320854551522969]]|[[10.262982544042046, -6.376916541727065, 5.270961143319319, -6.815713099983742, 0.13299812957724733, -7.759409134825511, 11.11792388771378, 1.2444065015122732, -7.320854551522969]]|[[10.262982544042046, -6.376916541727065, 5.270961143319319, -6.815713099983742, 0.13299812957724733, -7.759409134825511, 11.11792388771378, 1.2444065015122732, -7.320854551522969]]
R [[1.6241446966828192, -9.850291415149046, 8.534276533367304, -1.2265362651903562, -6.215846045213252, -2.7572768683745643, -0.22277998048828174, 2.479325103288584, 6.899062067149888]]|[[1.6241446966828192, -9.850291415149046, 8.534276533367304, -1.2265362651903562, -6.215846045213252, -2.7572768683745643, -0.22277998048828174, 2.479325103288584, 6.899062067149888]]|[[1.6241446966828192, -9.850291415149046, 8.534276533367304, -1.2265362651903562, -6.215846045213252, -2.7572768683745643, -0.22277998048828174, 2.479325103288584, 6.899062067149888]]
R [[-4.064550959017231, -8.11609615902524, 2.0470537010859005, 8.042538091941335, -9.123872383451342, -0.057731923347816405, -10.579645882001095, 3.9764225348605535, -7.391446594824092]]|[[-4.064550959017231, -8.11609615902524, 2.0470537010859005, 8.042538091941335, -9.123872383451342, -0.057731923347816405, -10.579645882001095, 3.9764225348605535, -7.391446594824092]]|[[-4.064550959017231, -8.11609615902524, 2.0470537010859005, 8.042538091941335, -9.123872383451342, -0.057731923347816405, -10.579645882001095, 3.9764225348605535, -7.391446594824092]]
R [[2.0183480612507942, 1.9450434536994692, -11.398100532446193, 10.96246404941511, -4.639918194215238, 9.715729585911706, 7.966099689222212, 11.670244643913971, -3.4636663452300347]]|[[2.0183480612507942, 1.9450434536994692, -11.398100532446193, 10.96246404941511, -4.639918194215238, 9.715729585911706, 7.966099689222212, 11.670244643913971, -3.4636663452300347]]|[[2.0183480612507942, 1.9450434536994692, -11.398100532446193, 10.96246404941511, -4.639918194215238, 9.715729585911706, 7.966099689222212, 11.670244643913971, -3.4636663452300347]]
R [[6.80322905166631, -4.656233506507092, 2.531447637002362, -8.427652048132915, 2.0757357651429302, 6.568297220847356, 6.0039292490761795, 0.11440085435737046, -4.397773531368113]]|[[6.80322905166631, -4.656233506507092, 2.531447637002362, -8.427652048132915, 2.0757357651429302, 6.568297220847356, 6.0039292490761795, 0.11440085435737046, -4.397773531368113]]|[[6.80322905166631, -4.656233506507092, 2.531447637002362, -8.427652048132915, 2.0757357651429302, 6.568297220847356, 6.0039292490761795, 0.11440085435737046, -4.397773531368113]]
R [[9.871229964420479, -9.660059074185401, -3.263895015438985, 7.56148025110987, -4.879992060327076, 7.081590538881226, 8.178997237999468, 6.064224424076258, -8.91997974396217]]|[[9.871229964420479, -9.660059074185401, -3.263895015438985, 7.56148025110987, -4.879992060327076, 7.081590538881226, 8.178997237999468, 6.064224424076258, -8.91997974396217]]|[[9.871229964420479, -9.660059074185401, -3.263895015438985, 7.56148025110987, -4.879992060327076, 7.081590538881226, 8.178997237999468, 6.064224424076258, -8.91997974396217]]
R [[-8.531070343102385, 6.586507071301586, 1.7211095905522455, -11.646037477882157, -5.648551813824883, -6.8786923815856325, 6.1730105223547085, -2.978503980753107, -11.466393097269906]]|[[-8.531070343102385, 6.586507071301586, 1.7211095905522455, -11.646037477882157, -5.648551813824883, -6.8786923815856325, 6.1730105223547085, -2.978503980753107, -11.466393097269906]]|[[-8.531070343102385, 6.586507071301586, 1.7211095905522455, -11.646037477882157, -5.648551813824883, -6.8786923815856325, 6.1730105223547085, -2.978503980753107, -11.466393097269906]]
R [[-4.153306051981384, 0.9011478358539975, 5.979654698776827, 9.398289616898339, 1.6449911501773453, 2.586707812486937, -1.4461750848180657, -2.859541947935284, -0.8771984189183843]]|[[-4.153306051981384, 0.9011478358539975, 5.979654698776827, 9.398289616898339, 1.6449911501773453, 2.586707812486937, -1.4461750848180657, -2.859541947935284, -0.8771984189183843]]|[[-4.153306051981384, 0.9011478358539975, 5.979654698776827, 9.398289616898339, 1.6449911501773453, 2.586707812486937, -1.4461750848180657, -2.859541947935284, -0.8771984189183843]]
R [[-9.942012806081415, 2.6078102853697906, 3.966648345256086, 0.5795187989581443, 3.372286228519144, -2.710206572480905, 0.31698820172909237, 2.6902127179749353, 8.451502692799789]]|[[-9.942012806081415, 2.6078102853697906, 3.966648345256086, 0.5795187989581443, 3.372286228519144, -2.710206572480905, 0.31698820172909237, 2.6902127179749353, 8.451502692799789]]|[[-9.942012806081415, 2.6078102853697906, 3.966648345256086, 0.5795187989581443, 3.372286228519144, -2.710206572480905, 0.31698820172909237, 2.6902127179749353, 8.451502692799789]]
R [[-9.219754982678994, -8.416962438724408, 6.6812227838452, 11.152601076820165, -3.465175000608978, -5.374841586282606, -4.586750788988631, -4.528171871760399, 4.761006509511645]]|[[-9.219754982678994, -8.416962438724408, 6.6812227838452, 11.152601076820165, -3.465175000608978, -5.374841586282606, -4.586750788988631, -4.528171871760399, 4.761006509511645]]|[[-9.219754982678994, -8.416962438724408, 6.6812227838452, 11.152601076820165, -3.465175000608978, -5.374841586282606, -4.586750788988631, -4.528171871760399, 4.761006509511645]]
R [[-7.540608399446628, 7.008934500726973, -0.7933274063649627, -1.7199282693090971, -3.478242413760567, 0.06910234641565616, -9.639290965116862, 4.178839706423368, 6.612091472953047]]|[[-7.540608399446628, 7.008934500726973, -0.7933274063649627, -1.7199282693090971, -3.478242413760567, 0.06910234641565616, -9.639290965116862, 4.178839706423368, 6.612091472953047]]|[[-7.540608399446628, 7.008934500726973, -0.7933274063649627, -1.7199282693090971, -3.478242413760567, 0.06910234641565616, -9.639290965116862, 4.178839706423368, 6.612091472953047]]
R [[10.52834114587941, -8.430292981235914, 7.91333984715736, 1.6531158672277435, -5.417930005258704, 1.7589862895341515, 2.5534267009053533, -0.2821700089768022, 2.063836582562203]]|[[10.52834114587941, -8.430292981235914, 7.91333984715736, 1.6531158672277435, -5.417930005258704, 1.7589862895341515, 2.5534267009053533, -0.2821700089768022, 2.063836582562203]]|[[10.52834114587941, -8.430292981235914, 7.91333984715736, 1.6531158672277435, -5.417930005258704, 1.7589862895341515, 2.5534267009053533, -0.2821700089768022, 2.063836582562203]]
R [[3.462261862846354, -11.875545500233978, -10.723959304283454, -5.827756660378249, 11.530324988274124, -11.215617167890986, 4.870653086756519, -1.9545226480456002, 6.258975911577789]]|[[3.462261862846354, -11.875545500233978, -10.723959304283454, -5.827756660378249, 11.530324988274124, -11.215617167890986, 4.870653086756519, -1.9545226480456002, 6.258975911577789]]|[[3.462261862846354, -11.875545500233978, -10.723959304283454, -5.827756660378249, 11.530324988274124, -11.215617167890986, 4.870653086756519, -1.9545226480456002, 6.258975911577789]]
Obstacle
R [[12, 12, 12, 12, 12, 12, 12, 12, 12]]|[[12, 12, 12, 12, 12, 12, 12, 12, 12]]|[[12, 12, 12, 12, 12, 12, 12, 12, 12]]
R [[-7.171149112500025, 3.468601209163399, 5.695193805774039, -9.266968362509475, 11.667519738575635, 5.1041530139455205, 0.45212570746143044, -7.864746056681961, -2.337234663244491]]|[[-7.171149112500025, 3.468601209163399, 5.695193805774039, -9.266968362509475, 11.667519738575635, 5.1041530139455205, 0.45212570746143044, -7.864746056681961, -2.337234663244491]]|[[-7.171149112500025, 3.468601209163399, 5.695193805774039, -9.266968362509475, 11.667519738575635, 5.1041530139455205, 0.45212570746143044, -7.864746056681961, -2.337234663244491]]
R [[9.170353381650724, 8.632255888031327, 3.9505021451729547, -6.620548981848094, -0.6074463507713102, 2.6709162689533255, 3.3385703109376905, 3.4818020706529715, 9.12005049574292]]|[[9.170353381650724, 8.632255888031327, 3.9505021451729547, -6.620548981848094, -0.6074463507713102, 2.6709162689533255, 3.3385703109376905, 3.4818020706529715, 9.12005049574292]]|[[9.170353381650724, 8.632255888031327, 3.9505021451729547, -6.620548981848094, -0.6074463507713102, 2.6709162689533255, 3.3385703109376905, 3.4818020706529715, 9.12005049574292]]
Done
R [[-10.588705223988544, -11.74699228565574, -8.096554406530277, 0.7429029117246131, 8.64860240290215, -5.451000095652838, -9.163258982373097, 6.739653231662768, 7.4924272080563625]]|[[-10.588705223988544, -11.74699228565574, -8.096554406530277, 0.7429029117246131, 8.64860240290215, -5.451000095652838, -9.163258982373097, 6.739653231662768, 7.4924272080563625]]|[[-10.588705223988544, -11.74699228565574, -8.096554406530277, 0.7429029117246131, 8.64860240290215, -5.451000095652838, -9.163258982373097, 6.739653231662768, 7.4924272080563625]]
R [[-1.0031630758366585, 11.363468636196512, -5.019718760873984, -3.8057634620673184, -0.09406379682135402, 2.408776025365425, 2.0226500507686307, -7.159667837646594, -2.4044068242212564]]|[[-1.0031630758366585, 11.363468636196512, -5.019718760873984, -3.8057634620673184, -0.09406379682135402, 2.408776025365425, 2.0226500507686307, -7.159667837646594, -2.4044068242212564]]|[[-1.0031630758366585, 11.363468636196512, -5.019718760873984, -3.8057634620673184, -0.09406379682135402, 2.408776025365425, 2.0226500507686307, -7.159667837646594, -2.4044068242212564]]
Done
R [[6.389185530832755, -8.341939783469407, -9.82189451064777, -10.459446689604924, 5.031129857454392, 8.265019565957466, 11.10471555216419, 6.220294269947001, 9.886687124917376]]|[[6.389185530832755, -8.341939783469407, -9.82189451064777, -10.459446689604924, 5.031129857454392, 8.265019565957466, 11.10471555216419, 6.220294269947001, 9.886687124917376]]|[[6.389185530832755, -8.341939783469407, -9.82189451064777, -10.459446689604924, 5.031129857454392, 8.265019565957466, 11.10471555216419, 6.220294269947001, 9.886687124917376]]
R [[-11.185237601580289, 1.1961269693743546, 8.338785000500643, 11.294837597894261, -7.867849746864482, 11.070535919562602, 11.020066854537003, 0.2027078787980514, -8.112982724054241]]|[[-11.185237601580289, 1.1961269693743546, 8.338785000500643, 11.294837597894261, -7.867849746864482, 11.070535919562602, 11.020066854537003, 0.2027078787980514, -8.112982724054241]]|[[-11.185237601580289, 1.1961269693743546, 8.338785000500643, 11.294837597894261, -7.867849746864482, 11.070535919562602, 11.020066854537003, 0.2027078787980514, -8.112982724054241]]
Done
R [[-11.935745846410907, 10.09440380673458, 10.049526146499517, -0.29805966908922876, 1.9796671957770737, 8.36634439169968, -2.7244051795571362, -6.598613181755753, 8.158869711874218]]|[[-11.935745846410907, 10.09440380673458, 10.049526146499517, -0.29805966908922876, 1.9796671957770737, 8.36634439169968, -2.7244051795571362, -6.598613181755753, 8.158869711874218]]|[[-11.935745846410907, 10.09440380673458, 10.049526146499517, -0.29805966908922876, 1.9796671957770737, 8.36634439169968, -2.7244051795571362, -6.598613181755753, 8.158869711874218]]
R [[9.990589511378541, 9.07964897369608, -1.3206766354651194, -11.569239679968504, 0.40436220507614706, 3.426607104318311, -11.800564878751072, 6.019156665260027, 3.1448101431741406]]|[[9.990589511378541, 9.07964897369608, -1.3206766354651194, -11.569239679968504, 0.40436220507614706, 3.426607104318311, -11.800564878751072, 6.019156665260027, 3.1448101431741406]]|[[9.990589511378541, 9.07964897369608, -1.3206766354651194, -11.569239679968504, 0.40436220507614706, 3.426607104318311, -11.800564878751072, 6.019156665260027, 3.1448101431741406]]
Done
R [[11.885986123839274, 11.190281958583085, -0.11583367866363581, 10.776461093395149, -6.405139198041554, 10.059064490673002, 0.3624147120745107, -10.168606991244108, -11.977178391620836]]|[[11.885986123839274, 11.190281958583085, -0.11583367866363581, 10.776461093395149, -6.405139198041554, 10.059064490673002, 0.3624147120745107, -10.168606991244108, -11.977178391620836]]|[[11.885986123839274, 11.190281958583085, -0.11583367866363581, 10.776461093395149, -6.405139198041554, 10.059064490673002, 0.3624147120745107, -10.168606991244108, -11.977178391620836]]
R [[-5.299025207184083, 8.649032155917503, -0.4685999191069534, -7.500680941785182, 4.051946429216361, -10.919379668839092, -3.153825197734168, 2.445068224797133, 3.0041398097332177]]|[[-5.299025207184083, 8.649032155917503, -0.4685999191069534, -7.500680941785182, 4.051946429216361, -10.919379668839092, -3.153825197734168, 2.445068224797133, 3.0041398097332177]]|[[-5.299025207184083, 8.649032155917503, -0.4685999191069534, -7.500680941785182, 4.051946429216361, -10.919379668839092, -3.153825197734168, 2.445068224797133, 3.0041398097332177]]
Done
R [[-7.259348236738239, -7.016575199028677, -4.8717561611792055, 7.600187940836658, -8.734424301912624, 3.9172133734523626, -9.870346746082465, 3.239035138735762, -1.8339853361897944]]|[[-7.259348236738239, -7.016575199028677, -4.8717561611792055, 7.600187940836658, -8.734424301912624, 3.9172133734523626, -9.870346746082465, 3.239035138735762, -1.8339853361897944]]|[[-7.259348236738239, -7.016575199028677, -4.8717561611792055, 7.600187940836658, -8.734424301912624, 3.9172133734523626, -9.870346746082465, 3.239035138735762, -1.8339853361897944]]
R [[1.518262094276153, 1.4519229384351497, 3.467822338940218, 11.879972991455208, 9.732741829650383, -10.07701129096294, -0.6529699873631607, -6.687974414625209, -4.720456165012062]]|[[1.518262094276153, 1.4519229384351497, 3.467822338940218, 11.879972991455208, 9.732741829650383, -10.07701129096294, -0.6529699873631607, -6.687974414625209, -4.720456165012062]]|[[1.518262094276153, 1.4519229384351497, 3.467822338940218, 11.879972991455208, 9.732741829650383, -10.07701129096294, -0.6529699873631607, -6.687974414625209, -4.720456165012062]]
Done
R [[-10.772530301721911, -10.888642864679932, 3.905429957621564, 1.7298271971221375, -9.25687074056766, 9.941907213862962, -5.3011901763530345, -8.067525996159887, -7.006497390265341]]|[[-10.772530301721911, -10.888642864679932, 3.905429957621564, 1.7298271971221375, -9.25687074056766, 9.941907213862962, -5.3011901763530345, -8.067525996159887, -7.006497390265341]]|[[-10.772530301721911, -10.888642864679932, 3.905429957621564, 1.7298271971221375, -9.25687074056766, 9.941907213862962, -5.3011901763530345, -8.067525996159887, -7.006497390265341]]
R [[3.851872559861569, 8.39352835089256, -1.9364154318701043, -8.550119736850927, 5.4219173701701315, 2.6231926811268984, -11.47496947856079, 1.2731154805445613, -4.925622291224451]]|[[3.851872559861569, 8.39352835089256, -1.9364154318701043, -8.550119736850927, 5.4219173701701315, 2.6231926811268984, -11.47496947856079, 1.2731154805445613, -4.925622291224451]]|[[3.851872559861569, 8.39352835089256, -1.9364154318701043, -8.550119736850927, 5.4219173701701315, 2.6231926811268984, -11.47496947856079, 1.2731154805445613, -4.925622291224451]]
Done
R [[-9.21930933913653, 4.623869335490394, -7.487331542624408, 2.5751369574327683, -1.3838839902130253, 11.161278087788226, -4.160671170192205, 4.1721658324118955, 0.8385925328520862]]|[[-9.21930933913653, 4.623869335490394, -7.487331542624408, 2.5751369574327683, -1.3838839902130253, 11.161278087788226, -4.160671170192205, 4.1721658324118955, 0.8385925328520862]]|[[-9.21930933913653, 4.623869335490394, -7.487331542624408, 2.5751369574327683, -1.3838839902130253, 11.161278087788226, -4.160671170192205, 4.1721658324118955, 0.8385925328520862]]
R [[5.290245485728278, 2.874691297860929, 10.935451295193882, 8.882300748263582, -0.883039502072819, 1.5281953924949327, -6.236432417287274, 3.7164729019867266, 2.080608589323859]]|[[5.290245485728278, 2.874691297860929, 10.935451295193882, 8.882300748263582, -0.883039502072819, 1.5281953924949327, -6.236432417287274, 3.7164729019867266, 2.080608589323859]]|[[5.290245485728278, 2.874691297860929, 10.935451295193882, 8.882300748263582, -0.883039502072819, 1.5281953924949327, -6.236432417287274, 3.7164729019867266, 2.080608589323859]]
Done
R [[7.775180871209599, 8.215723634329674, 9.42697658656347, -10.69286093807449, -2.7938149447909026, -0.9593368213441629, 3.5172053383368365, 1.3214054159966757, -3.480444747602018]]|[[7.775180871209599, 8.215723634329674, 9.42697658656347, -10.69286093807449, -2.7938149447909026, -0.9593368213441629, 3.5172053383368365, 1.3214054159966757, -3.480444747602018]]|[[7.775180871209599, 8.215723634329674, 9.42697658656347, -10.69286093807449, -2.7938149447909026, -0.9593368213441629, 3.5172053383368365, 1.3214054159966757, -3.480444747602018]]
R [[3.195839892981464, 2.195506659227682, -7.387886833611067, 2.246105086417712, -6.997813343080068, 6.770353741084293, 10.958051817241092, -8.563074642360316, 5.0258602764827955]]|[[3.195839892981464, 2.195506659227682, -7.387886833611067, 2.246105086417712, -6.997813343080068, 6.770353741084293, 10.958051817241092, -8.563074642360316, 5.0258602764827955]]|[[3.195839892981464, 2.195506659227682, -7.387886833611067, 2.246105086417712, -6.997813343080068, 6.770353741084293, 10.958051817241092, -8.563074642360316, 5.0258602764827955]]
Done
R [[4.821943141575918, -5.4536747142165085, -7.252249785442437, 1.0934586857497024, 4.587980301418689, 7.438046641409002, 9.890228693693388, 8.71593359814306, 3.0564390569860738]]|[[4.821943141575918, -5.4536747142165085, -7.252249785442437, 1.0934586857497024, 4.587980301418689, 7.438046641409002, 9.890228693693388, 8.71593359814306, 3.0564390569860738]]|[[4.821943141575918, -5.4536747142165085, -7.252249785442437, 1.0934586857497024, 4.587980301418689, 7.438046641409002, 9.890228693693388, 8.71593359814306, 3.0564390569860738]]
R [[-5.743602151683947, 7.024871923884131, 6.608175612559709, -5.448769527840273, -2.5047899096986335, -1.3997154900165771, 7.381022022883386, -0.5411769851052775, 6.324714103316094]]|[[-5.743602151683947, 7.024871923884131, 6.608175612559709, -5.448769527840273, -2.5047899096986335, -1.3997154900165771, 7.381022022883386, -0.5411769851052775, 6.324714103316094]]|[[-5.743602151683947, 7.024871923884131, 6.608175612559709, -5.448769527840273, -2.5047899096986335, -1.3997154900165771, 7.381022022883386, -0.5411769851052775, 6.324714103316094]]
Done
R [[-6.980488320890184, -10.765469589353447, 11.21425877445149, 11.207215505823335, -7.275651693066929, -0.3602223074075894, -1.3953018034517228, 8.74454622992399, -5.493729177519873]]|[[-6.980488320890184, -10.765469589353447, 11.21425877445149, 11.207215505823335, -7.275651693066929, -0.3602223074075894, -1.3953018034517228, 8.74454622992399, -5.493729177519873]]|[[-6.980488320890184, -10.765469589353447, 11.21425877445149, 11.207215505823335, -7.275651693066929, -0.3602223074075894, -1.3953018034517228, 8.74454622992399, -5.493729177519873]]
R [[11.692628459492642, -11.414091544282112, 8.75989677418022, -9.834184408100429, -6.344321437460771, 0.29074341707884876, 1.7074840351133798, -7.702232817107749, -10.210744540208673]]|[[11.692628459492642, -11.414091544282112, 8.75989677418022, -9.834184408100429, -6.344321437460771, 0.29074341707884876, 1.7074840351133798, -7.702232817107749, -10.210744540208673]]|[[11.692628459492642, -11.414091544282112, 8.75989677418022, -9.834184408100429, -6.344321437460771, 0.29074341707884876, 1.7074840351133798, -7.702232817107749, -10.210744540208673]]
Done
R [[-0.6874479487489502, 10.285799956183183, 0.6886401755759053, 11.70242701304267, -5.494380557000848, 0.32144190196950717, 7.685762946987051, -7.364391727287569, 0.2507335627841396]]|[[-0.6874479487489502, 10.285799956183183, 0.6886401755759053, 11.70242701304267, -5.494380557000848, 0.32144190196950717, 7.685762946987051, -7.364391727287569, 0.2507335627841396]]|[[-0.6874479487489502, 10.285799956183183, 0.6886401755759053, 11.70242701304267, -5.494380557000848, 0.32144190196950717, 7.685762946987051, -7.364391727287569, 0.2507335627841396]]
R [[7.026066197336867, 8.049884449897416, -10.617881327642774, 6.720586536264641, -10.976957617912595, 8.694195541703841, -11.112161152333186, -4.345568987405578, 1.549976380953476]]|[[7.026066197336867, 8.049884449897416, -10.617881327642774, 6.720586536264641, -10.976957617912595, 8.694195541703841, -11.112161152333186, -4.345568987405578, 1.549976380953476]]|[[7.026066197336867, 8.049884449897416, -10.617881327642774, 6.720586536264641, -10.976957617912595, 8.694195541703841, -11.112161152333186, -4.345568987405578, 1.549976380953476]]
Done
R [[8.964013423528279, 11.215507837247259, -4.273448983683621, 2.2120734127347212, -5.962416402160005, -4.653221502596108, -9.523693090280858, -0.2719128250656624, 8.444917211464912]]|[[8.964013423528279, 11.215507837247259, -4.273448983683621, 2.2120734127347212, -5.962416402160005, -4.653221502596108, -9.523693090280858, -0.2719128250656624, 8.444917211464912]]|[[8.964013423528279, 11.215507837247259, -4.273448983683621, 2.2120734127347212, -5.962416402160005, -4.653221502596108, -9.523693090280858, -0.2719128250656624, 8.444917211464912]]
R [[9.22636492903196, 10.225731637126977, -6.383968414826817, -7.554973115140846, -8.363187073622385, 6.99092304539165, 0.5384001289574982, 6.767708852302064, -8.734479341000345]]|[[9.22636492903196, 10.225731637126977, -6.383968414826817, -7.554973115140846, -8.363187073622385, 6.99092304539165, 0.5384001289574982, 6.767708852302064, -8.734479341000345]]|[[9.22636492903196, 10.225731637126977, -6.383968414826817, -7.554973115140846, -8.363187073622385, 6.99092304539165, 0.5384001289574982, 6.767708852302064, -8.734479341000345]]
Done
R [[-9.36595006583688, -8.98027572439674, 1.190967548673969, 5.320809938769472, 1.2957636792687701, 9.513989191737743, -5.935185069407519, -11.867158358597225, 0.8408421821851935]]|[[-9.36595006583688, -8.98027572439674, 1.190967548673969, 5.320809938769472, 1.2957636792687701, 9.513989191737743, -5.935185069407519, -11.867158358597225, 0.8408421821851935]]|[[-9.36595006583688, -8.98027572439674, 1.190967548673969, 5.320809938769472, 1.2957636792687701, 9.513989191737743, -5.935185069407519, -11.867158358597225, 0.8408421821851935]]
R [[3.8470619931106285, -3.7150799412469624, 0.25743564066977775, 8.664696427996475, -0.37591892974734087, -0.5443496246747159, -2.225042723959625, -10.617589645537741, -10.909136647831726]]|[[3.8470619931106285, -3.7150799412469624, 0.25743564066977775, 8.664696427996475, -0.37591892974734087, -0.5443496246747159, -2.225042723959625, -10.617589645537741, -10.909136647831726]]|[[3.8470619931106285, -3.7150799412469624, 0.25743564066977775, 8.664696427996475, -0.37591892974734087, -0.5443496246747159, -2.225042723959625, -10.617589645537741, -10.909136647831726]]
Done
R [[-7.262999456479527, -4.5487213870835355, 8.127352206469627, -11.658993148377817, -1.4525166181231484, 2.5598054235582097, -2.713304324162282, -0.7050722278637203, -1.6608746845053037]]|[[-7.262999456479527, -4.5487213870835355, 8.127352206469627, -11.658993148377817, -1.4525166181231484, 2.5598054235582097, -2.713304324162282, -0.7050722278637203, -1.6608746845053037]]|[[-7.262999456479527, -4.5487213870835355, 8.127352206469627, -11.658993148377817, -1.4525166181231484, 2.5598054235582097, -2.713304324162282, -0.7050722278637203, -1.6608746845053037]]
R [[-0.793233000946941, -6.5943713707587595, 4.994223319461973, 11.383431723430093, -4.194600509598052, 11.867921775405097, 10.925547976999493, -6.587393891554654, 10.991114062437177]]|[[-0.793233000946941, -6.5943713707587595, 4.994223319461973, 11.383431723430093, -4.194600509598052, 11.867921775405097, 10.925547976999493, -6.587393891554654, 10.991114062437177]]|[[-0.793233000946941, -6.5943713707587595, 4.994223319461973, 11.383431723430093, -4.194600509598052, 11.867921775405097, 10.925547976999493, -6.587393891554654, 10.991114062437177]]
Done
R [[10.209894536499625, -3.9827951520350027, 8.555004836068534, 5.559675747557037, 9.944260101165728, -8.38084458055742, -5.881725179907389, 10.849256170904859, -4.1173369880456105]]|[[10.209894536499625, -3.9827951520350027, 8.555004836068534, 5.559675747557037, 9.944260101165728, -8.38084458055742, -5.881725179907389, 10.849256170904859, -4.1173369880456105]]|[[10.209894536499625, -3.9827951520350027, 8.555004836068534, 5.559675747557037, 9.944260101165728, -8.38084458055742, -5.881725179907389, 10.849256170904859, -4.1173369880456105]]
R [[11.75505360662384, -11.16247626787647, 0.5853713785395538, -9.042916199442962, 7.813153263923951, -2.698668070180849, -3.2038881009208495, 3.1064306326798956, 10.857663327783435]]|[[11.75505360662384, -11.16247626787647, 0.5853713785395538, -9.042916199442962, 7.813153263923951, -2.698668070180849, -3.2038881009208495, 3.1064306326798956, 10.857663327783435]]|[[11.75505360662384, -11.16247626787647, 0.5853713785395538, -9.042916199442962, 7.813153263923951, -2.698668070180849, -3.2038881009208495, 3.1064306326798956, 10.857663327783435]]
Done
R [[3.137152851049496, 4.631379632543748, -4.385685389272199, -9.318397008235683, -5.416709683756588, 11.876419586500631, 7.317414720529726, 0.7489200011738806, -11.177046361541626]]|[[3.137152851049496, 4.631379632543748, -4.385685389272199, -9.318397008235683, -5.416709683756588, 11.876419586500631, 7.317414720529726, 0.7489200011738806, -11.177046361541626]]|[[3.137152851049496, 4.631379632543748, -4.385685389272199, -9.318397008235683, -5.416709683756588, 11.876419586500631, 7.317414720529726, 0.7489200011738806, -11.177046361541626]]
R [[6.2719092700205366, -6.064653394970341, 11.152295377310388, 2.259059887107174, 1.15535168080892, -4.775751615081515, -10.064357627989303, 6.362835167342709, -5.033301580123411]]|[[6.2719092700205366, -6.064653394970341, 11.152295377310388, 2.259059887107174, 1.15535168080892, -4.775751615081515, -10.064357627989303, 6.362835167342709, -5.033301580123411]]|[[6.2719092700205366, -6.064653394970341, 11.152295377310388, 2.259059887107174, 1.15535168080892, -4.775751615081515, -10.064357627989303, 6.362835167342709, -5.033301580123411]]
Done
R [[-6.685514945797926, 0.5268978840765186, -7.324288018743946, 3.2617680781784077, 2.524727888743101, 11.841234466954731, -4.698752650311384, 10.764849160624774, 11.56701361774936]]|[[-6.685514945797926, 0.5268978840765186, -7.324288018743946, 3.2617680781784077, 2.524727888743101, 11.841234466954731, -4.698752650311384, 10.764849160624774, 11.56701361774936]]|[[-6.685514945797926, 0.5268978840765186, -7.324288018743946, 3.2617680781784077, 2.524727888743101, 11.841234466954731, -4.698752650311384, 10.764849160624774, 11.56701361774936]]
R [[8.423840379169683, -0.3667257695426027, 8.589443632419048, 2.6543080218012065, -6.503742635450563, 2.1792543760453302, -7.0063190370058175, 2.432397385040545, 4.7938244507238466]]|[[8.423840379169683, -0.3667257695426027, 8.589443632419048, 2.6543080218012065, -6.503742635450563, 2.1792543760453302, -7.0063190370058175, 2.432397385040545, 4.7938244507238466]]|[[8.423840379169683, -0.3667257695426027, 8.589443632419048, 2.6543080218012065, -6.503742635450563, 2.1792543760453302, -7.0063190370058175, 2.432397385040545, 4.7938244507238466]]
Done
R [[2.460767868680847, -7.963912363791941, 4.2300049436693214, -0.10062199040930864, 1.0996843901061482, 10.327166574730548, 4.7479064856052915, -4.741864928948683, -7.906898277519432]]|[[2.460767868680847, -7.963912363791941, 4.2300049436693214, -0.10062199040930864, 1.0996843901061482, 10.327166574730548, 4.7479064856052915, -4.741864928948683, -7.906898277519432]]|[[2.460767868680847, -7.963912363791941, 4.2300049436693214, -0.10062199040930864, 1.0996843901061482, 10.327166574730548, 4.7479064856052915, -4.741864928948683, -7.906898277519432]]
R [[-8.574761762956829, 0.6029035476996754, -9.671264989974585, 6.282462573547036, 8.609244036095994, 7.215887356710557, 5.112478395413284, -6.812593486309629, -1.7869104404870786]]|[[-8.574761762956829, 0.6029035476996754, -9.671264989974585, 6.282462573547036, 8.609244036095994, 7.215887356710557, 5.112478395413284, -6.812593486309629, -1.7869104404870786]]|[[-8.574761762956829, 0.6029035476996754, -9.671264989974585, 6.282462573547036, 8.609244036095994, 7.215887356710557, 5.112478395413284, -6.812593486309629, -1.7869104404870786]]
Done
R [[-5.46791751600013, 2.341888363069195, 3.5946886051970672, 1.4141913108817405, 7.2299038327538945, -4.383892212128323, -7.056324975383013, -4.475482950199071, 11.909270706657708]]|[[-5.46791751600013, 2.341888363069195, 3.5946886051970672, 1.4141913108817405, 7.2299038327538945, -4.383892212128323, -7.056324975383013, -4.475482950199071, 11.909270706657708]]|[[-5.46791751600013, 2.341888363069195, 3.5946886051970672, 1.4141913108817405, 7.2299038327538945, -4.383892212128323, -7.056324975383013, -4.475482950199071, 11.909270706657708]]
R [[-11.597757051498316, 9.328094509754052, -6.76260749002633, 5.532129915148449, 10.601148771090873, -2.2734489753688116, 4.0378348561619894, -6.843188889032084, -8.289688514287953]]|[[-11.597757051498316, 9.328094509754052, -6.76260749002633, 5.532129915148449, 10.601148771090873, -2.2734489753688116, 4.0378348561619894, -6.843188889032084, -8.289688514287953]]|[[-11.597757051498316, 9.328094509754052, -6.76260749002633, 5.532129915148449, 10.601148771090873, -2.2734489753688116, 4.0378348561619894, -6.843188889032084, -8.289688514287953]]
Done
R [[5.088645367259993, 7.630442154797731, -6.3375596990380085, -4.044272192248023, -2.054173245142792, 2.6063437721231537, -7.398097689305456, 3.822356166060503, 10.059664750790795]]|[[5.088645367259993, 7.630442154797731, -6.3375596990380085, -4.044272192248023, -2.054173245142792, 2.6063437721231537, -7.398097689305456, 3.822356166060503, 10.059664750790795]]|[[5.088645367259993, 7.630442154797731, -6.3375596990380085, -4.044272192248023, -2.054173245142792, 2.6063437721231537, -7.398097689305456, 3.822356166060503, 10.059664750790795]]
R [[-2.4045920019138336, -5.549309465224119, 4.544044583183155, 7.64065692177337, 2.99128186937509, 8.91018116364505, -10.377041245755752, 3.4061461049016906, 6.325334109405738]]|[[-2.4045920019138336, -5.549309465224119, 4.544044583183155, 7.64065692177337, 2.99128186937509, 8.91018116364505, -10.377041245755752, 3.4061461049016906, 6.325334109405738]]|[[-2.4045920019138336, -5.549309465224119, 4.544044583183155, 7.64065692177337, 2.99128186937509, 8.91018116364505, -10.377041245755752, 3.4061461049016906, 6.325334109405738]]
Done
R [[-4.654477532063965, -2.8730693612590876, -10.76178179331255, 0.16540792941425764, 7.419080169136166, -2.381606804752094, -9.901184230922116, 10.902152868132188, 11.81870360101287]]|[[-4.654477532063965, -2.8730693612590876, -10.76178179331255, 0.16540792941425764, 7.419080169136166, -2.381606804752094, -9.901184230922116, 10.902152868132188, 11.81870360101287]]|[[-4.654477532063965, -2.8730693612590876, -10.76178179331255, 0.16540792941425764, 7.419080169136166, -2.381606804752094, -9.901184230922116, 10.902152868132188, 11.81870360101287]]
R [[-4.623020321072935, -9.274221899689163, 8.043924457698665, -1.4821034892190923, 7.944008668044418, 5.054068979154771, 7.62293881632041, 5.864424951387573, 10.827784108566313]]|[[-4.623020321072935, -9.274221899689163, 8.043924457698665, -1.4821034892190923, 7.944008668044418, 5.054068979154771, 7.62293881632041, 5.864424951387573, 10.827784108566313]]|[[-4.623020321072935, -9.274221899689163, 8.043924457698665, -1.4821034892190923, 7.944008668044418, 5.054068979154771, 7.62293881632041, 5.864424951387573, 10.827784108566313]]
Done
R [[3.042886802905919, 5.662703500731034, -2.9537352155217604, 3.194709778671239, 6.826981720768931, 4.820948921470556, -3.3017369928653792, -9.937959254224975, -5.558473031304732]]|[[3.042886802905919, 5.662703500731034, -2.9537352155217604, 3.194709778671239, 6.826981720768931, 4.820948921470556, -3.3017369928653792, -9.937959254224975, -5.558473031304732]]|[[3.042886802905919, 5.662703500731034, -2.9537352155217604, 3.194709778671239, 6.826981720768931, 4.820948921470556, -3.3017369928653792, -9.937959254224975, -5.558473031304732]]
R [[-6.593862076605179, 3.4954228814938126, 0.25522967068337543, -1.027280468532993, -4.040980670199244, -10.490510917050116, -1.03659030849035, 11.031448282896207, -3.123081107725156]]|[[-6.593862076605179, 3.4954228814938126, 0.25522967068337543, -1.027280468532993, -4.040980670199244, -10.490510917050116, -1.03659030849035, 11.031448282896207, -3.123081107725156]]|[[-6.593862076605179, 3.4954228814938126, 0.25522967068337543, -1.027280468532993, -4.040980670199244, -10.490510917050116, -1.03659030849035, 11.031448282896207, -3.123081107725156]]
R [[-0.7470289361395555, -4.256338811789411, -11.096352211405488, 8.088281812214682, 9.849801910855629, 6.121117035515862, 11.103127421670116, -10.482519789520499, -1.918585320441057]]|[[-0.7470289361395555, -4.256338811789411, -11.096352211405488, 8.088281812214682, 9.849801910855629, 6.121117035515862, 11.103127421670116, -10.482519789520499, -1.918585320441057]]|[[-0.7470289361395555, -4.256338811789411, -11.096352211405488, 8.088281812214682, 9.849801910855629, 6.121117035515862, 11.103127421670116, -10.482519789520499, -1.918585320441057]]
R [[1.6238590211889132, -10.307306566002637, -3.187795085399493, -9.524140691161868, -3.2461331708048604, -9.679780365103486, -6.2147173092805446, 3.432854511091998, 0.921310987725791]]|[[1.6238590211889132, -10.307306566002637, -3.187795085399493, -9.524140691161868, -3.2461331708048604, -9.679780365103486, -6.2147173092805446, 3.432854511091998, 0.921310987725791]]|[[1.6238590211889132, -10.307306566002637, -3.187795085399493, -9.524140691161868, -3.2461331708048604, -9.679780365103486, -6.2147173092805446, 3.432854511091998, 0.921310987725791]]
R [[7.391014057917367, -10.80384198749194, -8.324333718813257, 9.326155151113134, 6.98296058928489, -2.7975498364425953, -10.803079018144608, -8.128889711526583, -11.192276208646406]]|[[7.391014057917367, -10.80384198749194, -8.324333718813257, 9.326155151113134, 6.98296058928489, -2.7975498364425953, -10.803079018144608, -8.128889711526583, -11.192276208646406]]|[[7.391014057917367, -10.80384198749194, -8.324333718813257, 9.326155151113134, 6.98296058928489, -2.7975498364425953, -10.803079018144608, -8.128889711526583, -11.192276208646406]]
