C MAV_CMD_SOLO_BTN_PAUSE_CLICK 25,36,72,12,79,30,99
P AHRS_TRIM_X 0.111224945235
P GND_PRIMARY 2
C MAV_CMD_SOLO_BTN_FLY_CLICK 44,65,49,88,94,8,95
R [[ 2.25971613,-6.13422566,-4.18838901, 0.70664004, 6.17921219,-5.70708701,
   8.64804183,11.05319312,-8.10179384]]|[[ 3.21550507, 3.27679116, 6.3050526 , 9.89017398,-5.14314643, 1.60713133,
  11.69795238,-1.60508489, 3.7003511 ]]|[[11.05461645, 8.18410712,-6.22093218, 4.54083657,-3.35038422,-7.32327817,
  -2.67063724, 0.0203691 , 4.49478519]]
E SIM_ACC_BIAS_Y 73.5760897417
C MAV_CMD_DO_PARACHUTE 2
C RC3 1197
E SIM_BARO_DELAY 78.9127135497
R [[ -2.82990775, -1.95266163,  5.68037312,  5.25279714,-11.25491706,
   -9.62336673, -6.30574918,  5.13939014, -6.12628374]]|[[ -2.66819797,  2.72931348,-11.32500964,  6.8868325 , -8.77620311,
   -9.5009911 ,  3.25460688, 11.71438887, -2.95031263]]|[[  1.38598661,  9.91918965,-11.42328527, 11.61720046, -4.09070138,
  -11.69581573,  4.25740351, -2.83258622, -3.06172996]]
P RNGFND_GAIN 0.65421288735
C MAV_CMD_DO_SET_SERVO 75,40,45,37,17,18,17
P MOT_SLEW_DN_TIME 0.00437816144824
R [[ 1.49083873,-9.9623334 , 4.62897429, 6.52515566, 1.79913612,-7.97940366,
   5.36981383, 3.95292572, 0.72556308]]|[[ 11.53156533,  8.89394668, -2.51742704,  4.00158859, 10.50623786,
   -0.3322918 ,-10.6225609 , -7.3441407 , -5.82486355]]|[[ -9.78959991, -3.91631275,-11.48455985, 11.12295156,  4.60944234,
  -10.81481834, -5.74239784,  5.91627293,  8.57097113]]
C MAV_CMD_DO_REPOSITION 61,79,40,60,61,72,13
C MAV_CMD_NAV_SPLINE_WAYPOINT 40,29,24,79,34,30,99
R [[  0.08818838, 10.95805676,  0.57166372, -8.636594  , -2.73626833,
    2.91482415, -7.06370111, -6.94476589,-10.27313353]]|[[ 7.28857623, 0.14679698,-9.60447224,-7.29826355,-8.27681796, 0.12055067,
   1.11079368, 3.21265046,-7.35961146]]|[[-6.41922469, 6.0703606 , 3.47491821,-2.5606538 , 4.31279751,-9.67450143,
   0.79813348, 6.974275  , 0.38829949]]
R [[  8.35572765,  7.6808227 ,  1.81174122, -5.93054329,-11.05144245,
  -10.60313499,-10.4119208 ,  4.41777413, -4.14850922]]|[[  7.58633564, 10.05697998, -5.83800857, -8.2120496 ,-10.16698516,
   10.30309501,  3.44525282,  1.00760284, -1.20778298]]|[[-6.09308804,-2.23547874,-8.19916062,-3.50582344,-8.94454307, 7.66414639,
  11.89499358, 6.15890049,-1.35602053]]
C MAV_CMD_FIXED_MAG_CAL 25,37,46,7,20,37,27
E SIM_PARA_PIN 58.0784392626
P SIM_FLOW_POS_Z 5082
R [[  2.7593043 ,-10.57814451,  9.05379721,  4.12522236,-10.62074974,
   10.93714432, -1.76990342, -7.72225286,-11.36563971]]|[[-6.63868709,-6.2425894 , 9.39670844, 9.90537854,-6.54936801, 3.42034829,
  -6.56420582,10.37779397,-4.07345027]]|[[-5.17930292, 4.0249894 ,-9.87731892,-3.505927  , 8.25469947, 8.53678089,
   7.78080552,10.28926651, 5.25540763]]
C Flight_Mode 5
C MAV_CMD_NAV_LAND 76,99,24,14,4,20,91
R [[ -2.91507724, -1.33017504,-11.33394811, 10.49178926, -8.4002912 ,
    6.80218511, -9.79886159, -2.54730807, -7.54588541]]|[[  3.06131087,-10.96604061, -1.7813021 ,  1.75982366, -0.65775898,
    0.99429375, -5.99528194,  0.36903267, 10.92024019]]|[[  7.99176435,  4.88820079, -9.05020828,-11.0560729 ,  6.43287758,
    9.76131242, -2.98337501,  1.79063315,-11.76144014]]
P PILOT_THR_FILT 0
E SIM_BARO_RND 10.5386513885
E SIM_TIDE_DIR 95.5756238472
C MAV_CMD_NAV_LOITER_TIME 34,68,18,61,11,12,57
P ACRO_RP_EXPO 0.335584863747
E SIM_TWIST_TIME 49.6333867939
P FS_THR_VALUE 956
R [[  5.58709167, -1.71855214,-10.62253877,-11.07633743,-11.09682491,
   -9.70150105, 10.00110467, -6.620116  ,-10.12088138]]|[[ 6.15248287,-2.91326538, 0.22780921,-4.55198447, 3.09266153,-6.99654759,
   3.90337479,11.58042767,10.00123259]]|[[ 3.18924921, 9.55296905, 9.95131582, 9.26851765,-9.81495332, 3.30542975,
   2.21587905,-7.48177252, 3.32058961]]
E SIM_PIN_MASK 13.8110859612
P ATC_ANG_LIM_TC 6.36040713353
P ATC_RAT_RLL_FLTD 27
R [[ 0.58962105,-7.07005544,-1.58745063,11.11658761, 8.69421935,-9.9215858 ,
   7.02549474, 0.19151519, 6.00544122]]|[[-9.29815622,-4.35880466, 4.9582138 ,10.49241638, 5.36727826,10.15677889,
  11.00431735, 1.43368219, 5.83144546]]|[[  2.68592633, -2.37364648,  1.12317965,  3.54374547,  0.12538122,
    8.9697014 ,  7.54351097, -2.43022687,-10.13297781]]
P MOT_SLEW_DN_TIME 0.268174668631
C MAV_CMD_DO_CANCEL_MAG_CAL 31,57,95,60,3,42,17
E SIM_GPS_NOISE 95.699476376
P ATC_RAT_RLL_I 1.81048414855
P ATC_RAT_RLL_FLTD 26
E SIM_GRPE_ENABLE 82.1504716336
E SIM_ACC_RND 67.0279622278
P RNGFND_GAIN 1.46192568384
C MAV_CMD_MISSION_START 32,33,63,100,40,41,34
C Flight_Mode 5
C MAV_CMD_COMPONENT_ARM_DISARM 17,69,35,37,13,37,34
C MAV_CMD_DO_GUIDED_LIMITS 71,87,10,75,90,30,36
P ACRO_THR_MID 0
R [[-5.33381178, 1.30065417,10.94250333,-1.98238235,-9.14683862,-5.61578094,
   8.90686543, 9.04588463,11.81445437]]|[[-9.57426689,-6.7135704 , 0.10686677, 7.9245937 ,-1.64284874,-3.88745734,
   1.01181971,-5.1741127 , 6.47685237]]|[[  1.04313839, -6.9443575 ,-10.40637572,  0.4394116 ,  1.17724271,
    0.45061848, -9.95428102,  8.57471256,  1.02561516]]
E SIM_ACC2_BIAS_Z 85.0576837417
P ACRO_BAL_ROLL 2
R [[ 0.87465022,-0.73824012, 9.40172109, 2.28959569, 0.84239292,-5.89100044,
  11.20408932,10.19355734,-5.9915598 ]]|[[-9.26396877, 8.92239916, 7.78128149, 9.40741605,-5.23468076,-5.4163245 ,
   0.92463306,10.09957722, 9.41926635]]|[[-11.99129777, -3.44304505,  8.03770321, -3.29781757,  8.08229133,
   -3.49347735,  3.95543506,-10.81423444, -4.39925768]]
P GND_ALT_OFFSET 732
P ATC_ANG_LIM_TC 6.92781572737
E SIM_ADSB_RADIUS 26.3894196115
P EK2_ALT_SOURCE 0
P ATC_RAT_RLL_FLTE 31
P GND_PRIMARY 0
C MAV_CMD_POWER_OFF_INITIATED 55,85,54,76,71,56,85
C MAV_CMD_DO_REPOSITION 66,11,43,67,30,17,12
P EK3_ALT_SOURCE 2
C MAV_CMD_DO_MOUNT_CONTROL 61,45,24,69,25,49,77
P ATC_ANG_RLL_P 4
R [[10.09342625, 6.52529976,-7.61904339, 0.38875487,-3.05964616, 8.33576841,
  -1.08563343,11.6353251 , 9.25217149]]|[[ 10.25577127,  8.16419092, -7.31184255,-11.6251208 , -3.03169059,
    9.46432328, -7.68479008, 10.46875714,  2.00906322]]|[[-8.83540346,-6.73792515, 0.42169259,10.84461863,-8.00147687,-1.01841799,
   1.19880264,-0.41320039, 5.27122141]]
P ATC_THR_MIX_MAN 0.63828269312
C MAV_CMD_NAV_ALTITUDE_WAIT 50,24,92,77,60,43,24
C MAV_CMD_NAV_LOITER_TURNS 73,95,14,6,71,21,11
P EK2_ALT_M_NSE 3.28131500626
R [[  8.39892735, -0.95523478, -3.02157926, -5.20739245,  3.6060071 ,
  -10.27370105,  9.35394094, -4.50542232,  5.12180057]]|[[  3.17414514, -6.16063591,  0.1927619 ,  5.21580343, -6.13246389,
  -10.11532965,  6.29612223, -5.77577289, -5.81140819]]|[[-10.5345878 ,  8.13150149, -1.00243843,  5.32575754,  7.01128189,
   -3.72950014,  9.41166735,  3.33495784,  1.31072206]]
P RTL_ALT_FINAL 3
P FS_THR_VALUE 952
E SIM_GND_BEHAV 84.2690455173
C MAV_CMD_NAV_ALTITUDE_WAIT 51,85,71,38,34,89,94
E SIM_PLD_HEIGHT 80.0716153684
R [[ -6.74820047,  8.98034367,  4.78273884, -9.02213684,-10.962846  ,
    1.95176428,  9.3549933 , -0.70289455, -6.69711087]]|[[  6.28083908,  3.35823292, -3.50917574,  0.87539029,-11.65215503,
   -7.13088609, -4.27738898, 10.99190076,  6.95131344]]|[[-3.56552326, 7.00009193,-9.79286694,11.25830723,-2.59341671, 8.82643063,
   8.47550725,-6.11209182,10.90764461]]
C MAV_CMD_DO_SET_HOME 28,99,45,55,56,90,83
C MAV_CMD_DO_SET_CAM_TRIGG_DIST 75,67,86,98,42,53,70
C MAV_CMD_CONDITION_DELAY 21,53,17,48,77,88,9
R [[-11.91024655,  1.18563293,  1.91914635,  5.47500564, -7.27352224,
    6.55652468, -8.1741945 ,  3.47491655,  0.60373176]]|[[ 7.22782784, 2.36549418,-8.8018599 ,10.71337983, 1.56685416,-5.21288291,
  -7.7438484 , 3.4602809 ,-5.65702423]]|[[ -6.42364737, -3.38828545,-10.23434181, -5.03472436,-10.93480121,
    4.56341582, 10.15893721,  6.21017734,  5.48005115]]
