E SIM_PLD_RATE 92.0284619903
P ACRO_RP_P 8
C MAV_CMD_DO_DIGICAM_CONFIGURE 35,57,64,93,21,4,47
C MAV_CMD_SOLO_BTN_FLY_CLICK 36,44,23,5,51,79,16
P ATC_RAT_RLL_D 0.00364601619986
P MOT_BOOST_SCALE 5
E SIM_PARA_ENABLE 26.3674967437
E SIM_ARSPD2_PITOT 44.6676745521
R [-0.30918834070576984, 1.4381610528038649, 0.8884031612982441, 1.4462057040214145, 4.1083590113946, 1.1827160918405146, 4.196982532566053, -1.3518884563730023, 0.8842154575975881]|[-0.30918834070576984, 1.4381610528038649, 0.8884031612982441, 1.4462057040214145, 4.1083590113946, 1.1827160918405146, 4.196982532566053, -1.3518884563730023, 0.8842154575975881]|[-0.30918834070576984, 1.4381610528038649, 0.8884031612982441, 1.4462057040214145, 4.1083590113946, 1.1827160918405146, 4.196982532566053, -1.3518884563730023, 0.8842154575975881]|
E SIM_ACC_BIAS_X 77.6959536705
P ATC_RAT_RLL_FLTE 0
P ATC_ACCEL_R_MAX 148190
E SIM_TERRAIN 85.0685051708
E SIM_VICON_HSTLEN 86.56966388
P MOT_BOOST_SCALE 3
E SIM_MAG_DIA_Z 40.618852272
E SIM_IMU_POS_Z 48.7341415638
P ATC_ANGLE_BOOST 0
R [0.1601931682651342, 1.5324324125190225, 0.5832615091494999, -0.3846476002438415, 3.6698835967586043, 1.335415420702835, -0.8705630088688509, 1.4320913355060718, 2.654553959801353]|[0.1601931682651342, 1.5324324125190225, 0.5832615091494999, -0.3846476002438415, 3.6698835967586043, 1.335415420702835, -0.8705630088688509, 1.4320913355060718, 2.654553959801353]|[0.1601931682651342, 1.5324324125190225, 0.5832615091494999, -0.3846476002438415, 3.6698835967586043, 1.335415420702835, -0.8705630088688509, 1.4320913355060718, 2.654553959801353]|
P RTL_ALT 3712
E SIM_FLOW_RND 58.3050353938
E SIM_TWIST_Z 45.3041000757
R [1.0317408082071133, 0.2572035235936575, 1.4092194511941312, 1.2156058562247067, 0.5554791667940855, 0.6028131810756503, 1.2901006142640672, 1.2624775595052529, 0.7962620148438814]|[1.0317408082071133, 0.2572035235936575, 1.4092194511941312, 1.2156058562247067, 0.5554791667940855, 0.6028131810756503, 1.2901006142640672, 1.2624775595052529, 0.7962620148438814]|[1.0317408082071133, 0.2572035235936575, 1.4092194511941312, 1.2156058562247067, 0.5554791667940855, 0.6028131810756503, 1.2901006142640672, 1.2624775595052529, 0.7962620148438814]|
P ATC_RAT_RLL_IMAX 1
C MAV_CMD_DO_ACCEPT_MAG_CAL 17,83,33,40,52,83,92
R [2.0131724795907973, -0.3469223478315647, 1.1024237374997852, 1.9677882447781725, 0.3190413032642461, 1.1810362967993124, -0.0014994545803563852, 1.6395068516857938, 0.6289406147534287]|[2.0131724795907973, -0.3469223478315647, 1.1024237374997852, 1.9677882447781725, 0.3190413032642461, 1.1810362967993124, -0.0014994545803563852, 1.6395068516857938, 0.6289406147534287]|[2.0131724795907973, -0.3469223478315647, 1.1024237374997852, 1.9677882447781725, 0.3190413032642461, 1.1810362967993124, -0.0014994545803563852, 1.6395068516857938, 0.6289406147534287]|
R [0.17110465800357233, 1.931331027493445, 0.9458841031605278, -0.023645392903713758, -0.04522964918605632, -0.9728419363463706, 1.5606333895924944, 1.9002466632845043, -0.35153509796162197]|[0.17110465800357233, 1.931331027493445, 0.9458841031605278, -0.023645392903713758, -0.04522964918605632, -0.9728419363463706, 1.5606333895924944, 1.9002466632845043, -0.35153509796162197]|[0.17110465800357233, 1.931331027493445, 0.9458841031605278, -0.023645392903713758, -0.04522964918605632, -0.9728419363463706, 1.5606333895924944, 1.9002466632845043, -0.35153509796162197]|
R [0.31092904266653926, 0.5762447110174098, 2.291309196857435, 1.7894905704533492, -0.8649296945951838, 0.07486846507904854, 1.7309433018417628, 4.775605623449348, 1.906200951787194]|[0.31092904266653926, 0.5762447110174098, 2.291309196857435, 1.7894905704533492, -0.8649296945951838, 0.07486846507904854, 1.7309433018417628, 4.775605623449348, 1.906200951787194]|[0.31092904266653926, 0.5762447110174098, 2.291309196857435, 1.7894905704533492, -0.8649296945951838, 0.07486846507904854, 1.7309433018417628, 4.775605623449348, 1.906200951787194]|
C MAV_CMD_DO_REPOSITION 72,53,46,1,46,67,16
P ATC_RAT_RLL_P 0.23540745502
P ATC_RAT_RLL_I 1.00056236666
R [-0.0592546270525216, 1.4844068685714646, -0.5454240912479128, 2.7945836483274533, 2.3087605472304147, 0.7950011818155835, 2.017359163907593, 1.4787293704423496, 1.657774462111286]|[-0.0592546270525216, 1.4844068685714646, -0.5454240912479128, 2.7945836483274533, 2.3087605472304147, 0.7950011818155835, 2.017359163907593, 1.4787293704423496, 1.657774462111286]|[-0.0592546270525216, 1.4844068685714646, -0.5454240912479128, 2.7945836483274533, 2.3087605472304147, 0.7950011818155835, 2.017359163907593, 1.4787293704423496, 1.657774462111286]|
R [-1.5910226810740742, -1.0858090850915643, 0.5532632384529165, 1.7131157355893825, 2.934001656829551, 1.9052747274100135, 2.4777529806005716, 1.5435981418443956, 0.5528842884945842]|[-1.5910226810740742, -1.0858090850915643, 0.5532632384529165, 1.7131157355893825, 2.934001656829551, 1.9052747274100135, 2.4777529806005716, 1.5435981418443956, 0.5528842884945842]|[-1.5910226810740742, -1.0858090850915643, 0.5532632384529165, 1.7131157355893825, 2.934001656829551, 1.9052747274100135, 2.4777529806005716, 1.5435981418443956, 0.5528842884945842]|
R [1.297094120835247, 1.2499411805542626, -0.24968912096532753, 1.1726655348976762, 0.3100188209012195, 0.6257859295040431, 3.6166094173014494, 0.6964113847841996, -1.506920777623261]|[1.297094120835247, 1.2499411805542626, -0.24968912096532753, 1.1726655348976762, 0.3100188209012195, 0.6257859295040431, 3.6166094173014494, 0.6964113847841996, -1.506920777623261]|[1.297094120835247, 1.2499411805542626, -0.24968912096532753, 1.1726655348976762, 0.3100188209012195, 0.6257859295040431, 3.6166094173014494, 0.6964113847841996, -1.506920777623261]|
E SIM_PIN_MASK 33.1337511241
C MAV_CMD_NAV_RETURN_TO_LAUNCH 88,98,13,37,75,18,3
P ATC_RAT_RLL_FLTT 10
