C MAV_CMD_NAV_WAYPOINT 82,63,33,52,82,59,64
R [ -1.57100129  -8.79479641 -29.59828771 -21.85519972 -10.26757383
 -11.95488098  -4.83169301 -15.49832163 -19.38165547]|[-23.86830815 -13.60823453   8.27010435 -10.82179576 -31.03635398
  -4.9646568   -7.30864165 -29.17005501  11.42523402]|[-14.76027377 -14.84240066 -19.5498022   -9.25024626 -22.163884
 -33.0537029  -17.06076995 -18.08664886 -27.24089709]|
P ATC_RAT_RLL_FLTT 24
P SIM_FLOW_POS_Z 4701
P RNGFND_GAIN 1.60214587315
P ATC_RAT_RLL_FLTD 90
P ATC_RAT_RLL_FLTT 28
R [-33.31699017 -23.88692849 -18.90540478 -24.74296706 -29.20144751
   9.77699828  -6.09676967 -23.84112047 -15.65362655]|[ -7.39812435  -3.10946696 -30.48870516 -11.06091485 -15.7176686
 -15.7782938   -2.00654766  -0.09374612  -6.79799457]|[-13.53419279   0.15734533  -4.70962406 -10.20569745  -8.76074722
 -26.16016815 -22.06712242 -15.70695206 -10.15455656]|
P ATC_ACCEL_R_MAX 54071
C MAV_CMD_DO_PARACHUTE 2
C MAV_CMD_DO_DIGICAM_CONTROL 45,45,60,62,60,48,20
C MAV_CMD_NAV_ALTITUDE_WAIT 20,82,93,26,12,33,85
P EK2_WIND_PSCALE 0
P PILOT_THR_FILT 6
C RC1 1522
P ATC_ANG_LIM_TC 6.68468290408
C MAV_CMD_DO_PARACHUTE 2
P AHRS_TRIM_X -0.0429473509879
R [-14.4874282  -31.10481539   1.37724314  -8.73119654  -4.82483801
 -10.03421435   8.52679612 -24.88103166 -28.10962091]|[ 10.32948632 -32.32141795 -22.89755981 -15.98535672  -6.49001609
 -17.50376132 -10.56288667 -14.28387583 -14.64357255]|[-12.09038201 -20.3736382   -4.36219868  19.07845799  -4.58410778
 -22.08660755 -21.82464428   6.09886816   6.11049789]|
P GPS_POS2_Z -3.24050068684
R [-17.41561144  -6.1718772   -4.39766814 -22.38372218 -17.67518758
   1.76528146   0.2084192    8.38279523   1.30962727]|[-12.2453122  -28.48034272   1.65685678 -22.41421478  -2.15306162
 -20.49130982 -28.67510026 -18.78224119 -21.73534521]|[  5.80010655  -6.56994737 -12.89467021  15.01438926 -33.25687181
 -19.69381066  -8.49209911 -32.03618746 -18.75821413]|
P ATC_RAT_RLL_D 0.0280127922714
