R [  0.98019074  -9.82522395 -13.93094469   2.8803776  -11.34627145
  -9.74724194 -16.053587   -25.86596432 -29.23087495]|[ -3.35532613 -18.10477369  -3.07848602 -10.60085013  15.0155375
   0.99471004  -9.40879997 -18.63870542 -34.78205094]|[-19.24742839  -1.94635194  -0.5896373  -14.74053879  -6.81644876
   8.35347894 -10.8063063  -39.52691075  -6.91866592]|
C MAV_CMD_NAV_LOITER_TURNS 30,23,49,37,31,2,70
R [-11.31823688   1.65655293  -9.27046662   2.74433076   0.9070795
 -14.00147655  11.50651939  -6.03719329  -6.23551482]|[-5.35471508 12.89421267 -3.52847986  8.29751907 -1.4838944  -4.32050243
 -7.10331986 -9.04866519  3.6689909 ]|[ -4.76324623 -30.37501301  -0.92668503 -10.25165368 -21.67848897
   5.62716743 -28.19094633 -21.62245557 -39.26993662]|
R [ -6.23876203 -30.29274005 -17.29611884 -21.44123135 -17.07352005
 -10.35586158 -15.10206625 -22.42831952  -9.15085963]|[ -5.89620396  -9.40841073 -24.87850752 -19.37863059   2.1231335
 -16.95448584 -17.15808332 -16.10140804  -6.93909969]|[-20.09905027 -14.66909482 -24.79181789  -3.68682799  -9.02369045
 -15.24100455 -14.78718909 -10.22843822 -11.47281025]|
R [ -2.113012   -24.2914148  -11.42098829 -12.9106138   -7.75967595
 -10.4894516  -29.89800637 -12.85512211   2.79865858]|[-44.25856328 -22.89166132   2.95950537 -18.9959623  -17.28397896
 -13.38041812  18.14222577  -7.81730958 -26.31370246]|[-17.27484792 -13.99348427 -25.6583258  -14.78414402  -7.57138157
 -11.50572575  -5.79761003 -30.06784119 -26.76251838]|
R [-22.92697597 -24.66133844 -21.68242463 -21.22473017 -12.05309737
 -10.5200837  -10.35400217 -16.57557757   8.28948289]|[ -0.35858353 -11.43539161  -8.58049922 -22.23856508 -17.89761821
 -24.00119341 -26.95642523 -17.60639048 -12.62903183]|[ -3.06849314 -20.68391153 -21.20309063  -1.98064932  -2.89618088
  22.95845504  -2.54265363 -21.35394188  -8.1834356 ]|
E SIM_BATT_VOLTAGE 27.7357242552
