E SIM_GRPE_ENABLE 74.1968822422
C MAV_CMD_NAV_ALTITUDE_WAIT 56,48,15,62,54,75,2
P MOT_SLEW_UP_TIME 0.498449505525
P ATC_RAT_RLL_FLTD 50
E SIM_TEMP_START 31.6736298471
E SIM_ACC_BIAS_X 52.7635518087
C MAV_CMD_DO_CANCEL_MAG_CAL 64,37,60,67,9,84,4
P AHRS_TRIM_X -0.104642992532
P PILOT_THR_FILT 2
P RNGFND_GAIN 0.434471658743
R [ -3.73758044  -2.85386775 -16.96265267  17.49440214 -18.46572749
 -20.93746824  -9.22922554  -6.42039867 -34.95537043]|[-21.54732497   4.56609445   2.9695246  -18.10381699  -2.30738606
 -19.56650106  -6.0294026  -32.52512404 -17.34563251]|[ -7.5295692   -4.30662498  -7.14013095  -9.95268291 -34.47992779
   2.93223354 -13.53584376 -10.3712184   -2.58745289]|
R [  9.47978898 -19.31720017 -29.9126035   -9.41192516 -18.67285824
 -21.63516389 -23.42726219  -4.33522716  -7.86679965]|[  2.43528912  -8.78390001   3.52183399 -12.01833357  -4.06844438
  -8.46560326 -14.64470258 -21.41996181 -24.05003997]|[-17.95632971 -28.3234456  -17.67252388 -21.87490173 -24.47156569
 -11.7936194   -2.65318957  -1.24120944 -10.8362466 ]|
C MAV_CMD_NAV_LOITER_TURNS 93,44,74,52,78,18,62
P ATC_RATE_R_MAX 901
C MAV_CMD_DO_CANCEL_MAG_CAL 75,51,12,84,47,22,73
R [  6.54929237 -21.92227055 -17.67707089  -1.83811602   9.81500466
 -15.74343425   0.04716874 -26.60530857   0.67035309]|[-10.19096493  -9.96552517 -13.99874256 -13.99959285  -5.446351
 -11.93277482   3.23393767 -15.9756812  -17.14623438]|[  1.80598253  -3.54015627  -4.62914597  -9.993078    -7.44534925
 -11.23583991 -14.60340111 -20.89875984  -8.24704726]|
C MAV_CMD_DO_ACCEPT_MAG_CAL 9,95,29,93,25,76,93
C MAV_CMD_CONDITION_DELAY 37,73,20,83,84,37,7
P ATC_RAT_RLL_P 0.152798544845
R [ -5.0702589  -11.73886941 -12.9702333  -10.24782906 -21.9394949
  -9.74030719 -20.37284994 -17.28328539   1.071727  ]|[ 10.59850925  20.52407963 -19.57940946   0.99618559   2.88268729
 -21.99455228   5.03405301 -31.08743565  -5.58052141]|[-21.7413773  -19.24157547 -20.48618687 -26.05252956 -18.45239761
 -11.74225222 -17.30212473  -9.1268423  -18.82824987]|
P ATC_ANGLE_BOOST 0
P GND_ALT_OFFSET 4872
P EK3_ALT_SOURCE 3
E SIM_MAG_ODI_X 72.5005508327
R [-20.84913593 -22.87138578   5.35521552   8.05111688 -23.70903241
 -16.56161189 -38.79688232 -35.0164855  -10.35320327]|[-36.63932935  -8.19165673 -30.61859547 -13.76269907  -6.42195642
 -12.02220428 -29.919511    -5.77534282  -0.71065796]|[-18.62381324 -17.86518556  -5.51937959  -4.35299508 -32.05416084
   0.60730931  -9.01810318  -6.46563506  -8.68242571]|
E SIM_GPS_POS_Y 49.1397142724
E SIM_PLD_DIST_LMT 47.9793085841
P ATC_RAT_RLL_D 0.0354675219969
R [-20.45709211 -30.70619681 -12.15649857  -8.43072657 -28.26431057
 -11.62512356  -7.30691894   1.34804037 -24.39121022]|[ -7.0484943   -5.76296206 -32.3132374   -4.04712111 -21.62717832
 -27.60243583  -2.92943596   2.57500322 -22.12559159]|[ -8.69986433  -6.06417016  -8.34882983  -3.56449882 -18.53053321
  -7.22678968 -14.17800234 -26.15323233 -19.75671708]|
R [-17.26742248  -2.91437696 -20.42849635 -16.73135852  -6.65831623
 -21.92305832  -7.58565893  -0.04538491 -14.59896558]|[ -4.59111542 -14.9923755   -5.01187955  -1.19770695   1.73625135
 -24.08994048  -5.66665319 -20.59606477 -14.73541807]|[-23.81968125  -5.38380783 -12.63672679  -9.27795017 -24.22536432
   1.69557533 -28.0229856  -35.99377631 -10.00606758]|
R [ -4.05952176 -16.16095145  -1.0626959  -17.18008724   1.05999087
 -19.12626414 -27.11366146 -12.83672644 -29.43805492]|[  2.22425088 -13.16176534  -9.47676568  -2.88712915   4.25903249
 -23.08823048 -11.61602575 -11.58037877 -14.9168418 ]|[-15.84552032 -19.47068417  -9.06196776  -5.76656626   6.16009207
 -19.25669222   6.80703964   5.0506613    7.43848883]|
E SIM_GPS_HDG 75.2207348562
R [-10.22007273  -2.87602777  -8.85012518   4.69838658  -5.62854871
 -20.32812149 -18.55430515 -32.20932536  -1.99220531]|[-19.73520997 -10.34517748  -6.76764008   3.30337852 -24.07946621
 -22.11388014  -9.97033127   0.13375545 -16.44356938]|[-15.61844338  10.31006509   0.13041498 -18.05269224 -35.2926121
 -24.5525626  -23.92041153  -9.92866274   7.98069891]|
E SIM_GPS_TYPE 1.80541452784
R [-29.83609     -9.27644425 -15.73980156 -17.46779047 -38.52236168
 -30.03108515 -10.21107611  -9.76166814 -12.94841928]|[ -9.1001118   -8.49807208 -16.07681177 -25.10542179   4.71003585
  -9.90352119   8.84115381   6.14860864   1.87415698]|[-26.88473265  -7.2941317  -11.74424705 -15.88077415  -0.90586276
 -11.21469397  -1.82000688   3.73764599 -26.33572317]|
C MAV_CMD_SOLO_BTN_FLY_HOLD 58,29,51,34,49,29,61
R [-11.48968137 -16.5524016  -13.32795074  -0.30949031  -6.48280893
  -8.73527598 -13.28848832 -17.30632522 -22.98977428]|[-20.8691647   -1.08105408  -1.39834786  -7.04870451  -4.71248935
  -6.6306887  -18.14143296 -17.71227338 -18.38223132]|[-21.58548464 -12.63006776 -26.48690168  -9.12736466 -14.7084098
 -47.64811451 -26.34305735 -13.51747755 -15.14609666]|
P ATC_RAT_RLL_IMAX 0
C MAV_CMD_DO_GUIDED_LIMITS 15,35,20,71,54,44,24
P FENCE_ALT_MAX 9280
P FENCE_ALT_MAX 5863
C MAV_CMD_SOLO_BTN_FLY_CLICK 47,35,70,47,41,86,75
C MAV_CMD_SET_FACTORY_TEST_MODE 58,94,11,55,19,86,19
P MOT_BOOST_SCALE 4
C MAV_CMD_SOLO_BTN_PAUSE_CLICK 97,34,80,22,50,17,63
P ATC_RAT_RLL_FLTT 19
P ATC_THR_MIX_MAN 0.719614004065
E SIM_TEMP_START 75.6054477176
E SIM_ACC_BIAS_Z 85.460333581
E SIM_GPS_ALT_OFS 39.2096088002
P PSC_POSZ_P 2
R [-30.8463309   -1.53410274 -15.56353361  -4.90274997 -20.3763197
  -4.64525274 -13.34671847 -43.82137536   0.36060541]|[-1.92626984e+01 -1.96179760e+01 -1.83200475e+01 -8.94419017e+00
 -1.38105419e+01 -1.45405997e+01 -1.47103874e-02 -2.61022694e+00
 -1.63799918e+01]|[-21.24788662 -13.17426783 -11.66768849 -26.95051848 -12.3117556
 -22.16511192 -12.31720692 -15.97003865 -11.72680272]|
C MAV_CMD_FIXED_MAG_CAL 80,89,83,17,89,34,91
E SIM_ACCEL_FAIL 16.6554064856
R [-22.6866945   -6.99664398  -4.09316891  -3.91132623  -9.61824102
  -4.67248782  -1.94641818   5.81022306  -9.37687455]|[-15.83637845 -22.98057769 -16.47929266  -9.82394515   0.25799496
 -16.49409652  -0.60665249 -22.94658328 -21.53706891]|[  1.4274811  -23.92586868 -26.91196019   4.88972276 -22.05531296
   1.07019048  -3.91442544  -5.92943039 -18.81393148]|
P EK3_ALT_SOURCE 3
E SIM_FLOW_RND 18.3287700497
R [-19.20539836 -19.82082937 -15.88063089 -24.98973047   5.19419119
 -18.47165401   4.77471279 -40.66831703  -3.94626149]|[  4.28924973  -7.22822502  -6.25727633  -5.5719457  -16.88822835
  -3.2070358  -17.70992204 -17.79552386  -8.09918445]|[-29.68502347  -6.49384691   4.32438489  -9.4030235   -0.3042993
 -11.53748887  -9.66011639  -5.25115486 -15.17934057]|
P FS_THR_VALUE 964
R [ -3.3721219  -10.56420663  12.52669556  10.53601803 -22.11158765
 -25.51265144  -4.20569573  -7.62420479 -10.46050144]|[-16.2168635  -11.13084961 -10.24256185  -6.93412687  -1.2474957
 -29.66204253 -13.5902076  -18.75100042  -1.77263225]|[-18.01790129  -0.61674478  12.17920981  -5.25515029 -16.39392571
 -10.36438928 -25.11053289 -18.4880171   -6.62922148]|
R [-32.62648677  12.60959103 -26.84906694  -9.13632659 -19.47797471
 -39.35240994 -18.64470713 -13.13308948 -36.33707475]|[ -7.75211115   3.62987947 -12.06573741 -12.9167954   -0.88356709
   0.26317188  16.0998448  -19.60291748  -6.73864471]|[-21.14690098 -20.12218845 -26.64545477 -16.14962555 -22.83629107
 -24.32521507 -17.06470751 -19.90742303 -22.46306725]|
R [-26.36902646   0.70205268   2.17091771 -11.91192454  -4.21528876
 -14.50462513  -4.23458594 -14.76265119  -0.06764971]|[-27.68068019 -28.15066026 -12.43512393 -10.01845103 -21.08312995
  -9.75590164 -15.36011663  10.87483412   3.15149302]|[-26.54338931 -14.18201392  -8.38401065 -27.3292165   -7.10323274
   7.35371995  -2.2239107  -35.52953869 -16.16695079]|
E SIM_MAG_MOT_Z 15.9211798721
E SIM_TEMP_START 42.3010308123
C MAV_CMD_NAV_SPLINE_WAYPOINT 13,99,21,95,98,8,50
P ACRO_BAL_ROLL 3
R [ 15.43213937 -21.36210489  -8.73367906   0.0744371   13.20467384
 -21.55055886   0.25845028   1.16809028 -16.0720589 ]|[ -5.9929345   15.32508906  -4.76041393 -27.83096178 -18.80890142
 -28.40752485 -11.24619835   3.83228425 -12.99936553]|[ -5.43885469 -11.01438997 -11.36005386 -17.44853224 -14.0191798
   1.15203246 -10.44674985  -1.3880572  -25.17976066]|
R [ -5.49456522 -21.79286399  -4.69063971 -52.59646302 -22.4118206
  13.29627151 -33.13646753   8.32779449 -10.67002862]|[-12.53926046 -25.93474273  -2.43956705  -6.77752181 -25.70082808
  -3.57773913  -5.53540868   0.83449406  -8.3650351 ]|[ -6.46990417  -3.89427697 -13.51941567 -14.39554736 -10.67195286
 -30.57905854  -3.27814092  -8.02969094  -6.18900665]|
P ATC_RAT_RLL_FLTD 41
C MAV_CMD_DO_MOUNT_CONTROL 96,87,2,85,18,72,33
R [-22.9727031   -7.95660314 -23.12680653  -7.37816321   1.60702748
 -14.88750254  -6.63881652 -11.76673709 -27.03381145]|[-12.94223686 -12.19856654  -2.72476007 -22.440905   -14.62762253
  -6.6727552  -13.50221359 -13.07681157 -10.13782177]|[ -1.63341771 -18.79084116  23.25773893 -22.31894478 -13.15638177
 -21.95058995 -14.86742013   2.44091194 -12.52250371]|
P SIM_FLOW_POS_Z 5197
C MAV_CMD_DO_REPEAT_SERVO 7,54,14,12,12,37,57
R [-28.79588715   5.3922099  -27.41232131 -27.655287   -20.92700225
 -17.31174741   0.33048381  -9.32617555 -21.0478829 ]|[-15.3928871   -0.17355536 -14.64387346 -16.16201333  -4.70325107
 -20.00868507   1.55209037   1.77780965 -10.66757934]|[-17.82393247 -22.49393356 -19.18525556   5.60854338 -23.77049126
 -11.67872968 -22.31711976 -10.01481281  -4.44102939]|
R [ 4.49822473e+00 -1.63926084e+01 -1.07975053e-02 -7.57121415e+00
  4.35300304e+00 -6.44911269e-01  6.36230668e+00 -1.40464675e+01
 -2.00760705e+01]|[ -3.32376144  -3.37319749 -50.33171182  -9.53157543   0.6292832
 -31.72807303  -5.99729843 -31.17091037 -28.98806853]|[  0.07927751  -5.46341855 -21.71140584  -3.42136153 -20.59257498
   4.58759267 -16.11135602  -8.15684825 -31.28268064]|
P ATC_RAT_RLL_P 0.214178931037
C RC2 1239
R [ -5.20348268 -15.01944255  -5.48456105 -29.1607882    5.57366356
   5.32168078 -20.62188639 -24.80754613   8.93115463]|[ -7.95369472 -13.58105822 -22.9667606  -23.90819263 -13.5266359
   1.0953201  -20.21899679  -4.89283691 -28.66131912]|[ -7.39442948  -3.92584325   4.75860682 -25.00123376 -11.01310371
 -30.39220976 -18.62070498 -32.14755538 -30.62150524]|
C MAV_CMD_SOLO_BTN_FLY_HOLD 53,69,57,51,33,35,97
P ATC_THR_MIX_MIN 0.249651617743
E SIM_BARO_RND 92.4007112976
