P GND_PRIMARY 0
P ATC_RAT_RLL_FLTE 19
R [[10.8074566 ,-9.00628073, 1.10640015,-4.03349228,10.61292967,-3.97814569,
  -8.10202419, 8.42647119,-8.51026411]]|[[  4.81282581,-10.94407221, -9.17174989, -8.00138945, -0.73797912,
   -0.38452961, -6.0680964 , -5.43776608, -9.4754942 ]]|[[ 6.24545886, 5.58890923,10.00327688,-6.34268529,-5.5999875 ,-4.63866488,
  -8.91281886, 3.15498299, 2.94415333]]
C MAV_CMD_MISSION_START 90,38,93,89,9,64,6
R [[  3.63976886,  5.04816383, -9.54312036,  6.36429193, -4.13201696,
  -11.81597173, -2.16140958, -2.80180658, -5.76840972]]|[[ -7.29730852, -8.21644708, 11.98715636,  9.94045091,  0.55095184,
   11.49990311,-10.93274594, -3.38254698,  2.98002108]]|[[ 3.63560594,11.20295451, 4.12433727, 8.54394596,-7.2533468 ,-7.21501567,
   7.56026215,11.21018115, 8.43178234]]
R [[ 7.82959169,-5.67565424,11.92590598,-4.59867754, 5.66781063, 6.40079074,
  -8.21913966,10.76349163,-1.1020922 ]]|[[-4.91358365, 5.34104676, 3.57405601,-2.85568927, 8.99269883, 4.322642  ,
  -6.25635169, 6.18552031,11.10731301]]|[[  2.59034266,-11.29226174,  3.26153651,  9.26771222,  5.13459174,
   -0.81606842,  8.45398064, -7.63966513, -8.35941747]]
C MAV_CMD_FIXED_MAG_CAL_FIELD 31,92,58,36,93,41,16
R [[  7.06482419, -4.26820016,-11.61143938,  8.2741715 ,-10.75900049,
   -2.71506196,  6.04906233, 11.05657736,  7.69052601]]|[[10.77204024, 4.06200952,10.73573478,-9.97408887,-0.8047819 ,-2.32045199,
  -4.05321177,-9.45282414,11.90660082]]|[[-3.28842522, 9.85397764,-7.65431242,-9.3766925 ,10.19107073,-0.93684298,
  -9.44267684, 4.98233615,-7.66193284]]
R [[-8.10100597, 2.15510407,-3.92121419,-2.33201457,-6.9840869 , 0.8821578 ,
   2.68793388, 6.28853308,11.13909499]]|[[11.23272837, 5.35949491,10.43962946,-1.85348413,-7.74429516, 7.49070662,
   4.74052955, 9.87140516, 7.33537539]]|[[-10.88143445, 10.82642631,  1.93774142, -4.70483754,  6.75893284,
   -0.49837993,  2.06477319, -2.10894084, -9.67054886]]
P BCN_ALT 7854
P FENCE_ALT_MAX 557
E SIM_SPR_SPIN 25.5522254965
C RC2 1616
P RTL_ALT_FINAL 404
P RNGFND_GAIN 1.33488247088
E SIM_TEMP_FLIGHT 14.9392281812
E SIM_WAVE_LENGTH 2.09453126952
R [[ -5.84952899,  2.63647443,  5.61459368, -8.746805  ,-10.59041213,
    7.62320892,  0.27722987,  7.99496888,-10.28454217]]|[[-3.35461071,-4.53027666, 6.57097476,-4.80753739,-8.17958281,-0.25225269,
   5.05563359,-7.63644473, 3.42742885]]|[[-2.59847982, 8.6473109 , 3.61335261, 2.70791877,11.24849926, 8.23720028,
  11.82908308, 2.53069805,10.94457756]]
R [[  8.16818612,  4.96312926,  3.89023515,  8.70149839,-10.44151978,
    1.45824806,  1.30096114,  2.06911393, -6.31219979]]|[[-10.59379434, -9.59227364,  1.31618931,  1.44993218, -8.59360044,
   -8.10240219, -1.52985766, -4.24196439,  3.34525174]]|[[-11.68763059,-11.4413826 ,  2.69046018, -0.25752538, -3.98765499,
  -11.63555021,  6.38436152,-11.06130065, -7.18173784]]
R [[-0.35849521, 7.34952027,-1.44786426,11.2624976 ,-8.61879742,10.14927725,
  -7.1672597 , 5.38522314,11.77572371]]|[[ 3.20104126,-4.10156746, 7.11044373,-0.06818249,-3.44596428, 4.17538955,
   8.55440143,-2.70543826, 8.31890835]]|[[  0.51439974,-10.23210953,  6.01482732,  4.90847547,  5.56786345,
   -8.61875237,  2.11255   ,-10.43950537, -4.96537439]]
E SIM_BZ_ENABLE 59.4348916466
E SIM_SHOVE_TIME 62.8721258445
P FS_THR_ENABLE 1
P ATC_THR_MIX_MIN 0.13580666508
E SIM_GPS_TYPE 28.4481093388
E SIM_TIDE_DIR 2.52027111532
C MAV_CMD_NAV_LOITER_TURNS 47,33,36,9,1,89,18
