E SIM_SONAR_POS_Z 82.555205066
E SIM_SONAR_POS_Z 32.494499103
P EK3_WIND_PSCALE 1
P FS_THR_ENABLE 4
C MAV_CMD_SET_FACTORY_TEST_MODE 26,64,62,71,11,13,9
C MAV_CMD_DO_PAUSE_CONTINUE 99,67,60,56,58,79,27
E SIM_GPS_POS_Y 52.4426436176
P GND_PRIMARY 1
C MAV_CMD_NAV_LOITER_TIME 74,55,13,93,100,77,79
P ATC_RAT_RLL_I 0.49722711143
P ACRO_RP_P 5
P EK2_ALT_SOURCE 1
C MAV_CMD_NAV_LOITER_TURNS 94,28,43,49,99,56,6
R [0.5534065150924181, 1.3977167886078228, 0.10943114885614769, 2.108561341028958, 0.97727149859063, 0.8008886345583376, -1.1772629210425447, 1.546609771879154, 1.7338250743527557]|[0.5534065150924181, 1.3977167886078228, 0.10943114885614769, 2.108561341028958, 0.97727149859063, 0.8008886345583376, -1.1772629210425447, 1.546609771879154, 1.7338250743527557]|[0.5534065150924181, 1.3977167886078228, 0.10943114885614769, 2.108561341028958, 0.97727149859063, 0.8008886345583376, -1.1772629210425447, 1.546609771879154, 1.7338250743527557]|
E SIM_MAG_MOT_Z 3.5553578757
C MAV_CMD_FIXED_MAG_CAL_FIELD 53,51,15,99,44,25,16
R [2.008534449230921, -0.09249863574746137, -0.18090078533410697, 2.147815754744463, 1.080669685103338, 0.423030374158415, 0.4069193662150141, 2.4085766128599393, 1.329437182731633]|[2.008534449230921, -0.09249863574746137, -0.18090078533410697, 2.147815754744463, 1.080669685103338, 0.423030374158415, 0.4069193662150141, 2.4085766128599393, 1.329437182731633]|[2.008534449230921, -0.09249863574746137, -0.18090078533410697, 2.147815754744463, 1.080669685103338, 0.423030374158415, 0.4069193662150141, 2.4085766128599393, 1.329437182731633]|
C MAV_CMD_DO_CHANGE_SPEED 33,15,80,61,65,18,84
E SIM_TWIST_X 5.87029446291
E SIM_ACC_BIAS_Z 96.9402920813
