R [0.1271617484384967, 2.2288909150053247, 2.1341184210940236, 3.122482857573329, 0.9802825026168839, 0.7263939208333983, 0.4188885922512665, 1.7623027012796058, -0.0037766492700867516]|[0.1271617484384967, 2.2288909150053247, 2.1341184210940236, 3.122482857573329, 0.9802825026168839, 0.7263939208333983, 0.4188885922512665, 1.7623027012796058, -0.0037766492700867516]|[0.1271617484384967, 2.2288909150053247, 2.1341184210940236, 3.122482857573329, 0.9802825026168839, 0.7263939208333983, 0.4188885922512665, 1.7623027012796058, -0.0037766492700867516]|
E SIM_GRPE_PIN 6.37828181875
P PILOT_THR_BHV 3
C MAV_CMD_DO_PARACHUTE 2
P ATC_ANG_RLL_P 3
E SIM_IMU_POS_Y 93.1744631404
C MAV_CMD_SOLO_BTN_FLY_CLICK 53,21,17,67,15,10,32
R [1.5885023044210418, 1.6976018365536887, 0.6834371467093289, 0.039713447619479925, 0.8334562080804175, 3.346952286833652, 0.08805830935329223, 0.6293913664284363, 1.6242317197699627]|[1.5885023044210418, 1.6976018365536887, 0.6834371467093289, 0.039713447619479925, 0.8334562080804175, 3.346952286833652, 0.08805830935329223, 0.6293913664284363, 1.6242317197699627]|[1.5885023044210418, 1.6976018365536887, 0.6834371467093289, 0.039713447619479925, 0.8334562080804175, 3.346952286833652, 0.08805830935329223, 0.6293913664284363, 1.6242317197699627]|
C MAV_CMD_NAV_SPLINE_WAYPOINT 89,18,64,29,89,50,47
R [2.1593956302400272, 1.909220550675716, 2.4615578130658973, 1.050729947850913, 0.7727873154148516, -0.16327138657558748, 1.2465857754293321, -1.9661998812924164, 1.2206893519561774]|[2.1593956302400272, 1.909220550675716, 2.4615578130658973, 1.050729947850913, 0.7727873154148516, -0.16327138657558748, 1.2465857754293321, -1.9661998812924164, 1.2206893519561774]|[2.1593956302400272, 1.909220550675716, 2.4615578130658973, 1.050729947850913, 0.7727873154148516, -0.16327138657558748, 1.2465857754293321, -1.9661998812924164, 1.2206893519561774]|
E SIM_BZ_ENABLE 2.54846156096
R [0.77048719849757, 2.342720957006714, 1.6682445169867444, 3.3054210519726634, 1.2007191255742722, 0.9536277161206128, 2.7674548230012816, -0.486529152765918, 2.7108380269041543]|[0.77048719849757, 2.342720957006714, 1.6682445169867444, 3.3054210519726634, 1.2007191255742722, 0.9536277161206128, 2.7674548230012816, -0.486529152765918, 2.7108380269041543]|[0.77048719849757, 2.342720957006714, 1.6682445169867444, 3.3054210519726634, 1.2007191255742722, 0.9536277161206128, 2.7674548230012816, -0.486529152765918, 2.7108380269041543]|
R [1.168896803950859, 1.6493999498844247, 1.2008760539529013, 2.8335359105794007, -1.2022839616570744, -0.47415828435454643, 0.6502716357058191, 0.36161107582350366, 0.5080040566733177]|[1.168896803950859, 1.6493999498844247, 1.2008760539529013, 2.8335359105794007, -1.2022839616570744, -0.47415828435454643, 0.6502716357058191, 0.36161107582350366, 0.5080040566733177]|[1.168896803950859, 1.6493999498844247, 1.2008760539529013, 2.8335359105794007, -1.2022839616570744, -0.47415828435454643, 0.6502716357058191, 0.36161107582350366, 0.5080040566733177]|
C MAV_CMD_DO_DIGICAM_CONFIGURE 91,65,27,62,67,16,29
P ATC_RATE_R_MAX 160
R [-0.23201518262518517, 0.7944634371711272, 2.370632127018987, 0.09018846517259382, -0.6707688315221457, 1.4493352888852025, 1.3356655952243268, -1.439708836000658, 0.9366843575733377]|[-0.23201518262518517, 0.7944634371711272, 2.370632127018987, 0.09018846517259382, -0.6707688315221457, 1.4493352888852025, 1.3356655952243268, -1.439708836000658, 0.9366843575733377]|[-0.23201518262518517, 0.7944634371711272, 2.370632127018987, 0.09018846517259382, -0.6707688315221457, 1.4493352888852025, 1.3356655952243268, -1.439708836000658, 0.9366843575733377]|
E SIM_SONAR_POS_X 8.07505073091
E SIM_PARA_PIN 91.2972548769
E SIM_BARO_GLITCH 81.4217183736
P ATC_RAT_RLL_I 1.25289903719
E SIM_WIND_T 16.9568836698
R [2.8997327591659716, 2.0969538616884904, 3.2247241193267664, 1.4812513710162771, 2.62009927587673, 0.4979626065463498, 1.5410615190447725, 0.5829219117442683, 1.4074187725930642]|[2.8997327591659716, 2.0969538616884904, 3.2247241193267664, 1.4812513710162771, 2.62009927587673, 0.4979626065463498, 1.5410615190447725, 0.5829219117442683, 1.4074187725930642]|[2.8997327591659716, 2.0969538616884904, 3.2247241193267664, 1.4812513710162771, 2.62009927587673, 0.4979626065463498, 1.5410615190447725, 0.5829219117442683, 1.4074187725930642]|
R [1.5064597283892611, 2.9401622565340353, 3.7475010972469063, 2.1819565630951785, 0.7919289064239912, -0.5690398602017862, 1.867597619720438, 0.07772031329108248, 2.1681014576479782]|[1.5064597283892611, 2.9401622565340353, 3.7475010972469063, 2.1819565630951785, 0.7919289064239912, -0.5690398602017862, 1.867597619720438, 0.07772031329108248, 2.1681014576479782]|[1.5064597283892611, 2.9401622565340353, 3.7475010972469063, 2.1819565630951785, 0.7919289064239912, -0.5690398602017862, 1.867597619720438, 0.07772031329108248, 2.1681014576479782]|
R [0.49401080219920535, 2.0526819557133207, 1.2633068140347534, 1.8345351924550748, 2.8419913838560826, 1.7024258411882462, -0.2210494327196551, 0.7900447396528767, 2.529975480435107]|[0.49401080219920535, 2.0526819557133207, 1.2633068140347534, 1.8345351924550748, 2.8419913838560826, 1.7024258411882462, -0.2210494327196551, 0.7900447396528767, 2.529975480435107]|[0.49401080219920535, 2.0526819557133207, 1.2633068140347534, 1.8345351924550748, 2.8419913838560826, 1.7024258411882462, -0.2210494327196551, 0.7900447396528767, 2.529975480435107]|
C MAV_CMD_CONDITION_YAW 35,94,92,96,46,43,40
P ATC_RAT_RLL_FLTE 15
P GPS_POS2_Z -0.215890965438
E SIM_WAVE_AMP 36.3434833225
C MAV_CMD_SOLO_BTN_FLY_CLICK 69,23,15,72,34,91,89
C MAV_CMD_DO_REPEAT_RELAY 67,26,36,91,86,56,6
E SIM_BARO_GLITCH 13.9011298506
C MAV_CMD_DO_JUMP 61,48,69,69,57,61,18
R [-0.17590571944723843, 0.5993425587189546, 3.6707012779587505, 3.5201778438469615, 2.2911911368736497, 0.1993622982024278, 1.5122459361396474, 1.5499052617635454, 1.2676790480622102]|[-0.17590571944723843, 0.5993425587189546, 3.6707012779587505, 3.5201778438469615, 2.2911911368736497, 0.1993622982024278, 1.5122459361396474, 1.5499052617635454, 1.2676790480622102]|[-0.17590571944723843, 0.5993425587189546, 3.6707012779587505, 3.5201778438469615, 2.2911911368736497, 0.1993622982024278, 1.5122459361396474, 1.5499052617635454, 1.2676790480622102]|
E SIM_WAVE_AMP 35.3774418056
P RNGFND1_POS_Z -2.12688440668
R [0.7241191302950967, -0.6471304355005928, 3.623850613801877, 0.7120522545515486, 0.2653320521511205, 2.7167281241485113, 0.4583138622489369, 2.6602758717021953, 1.008909388740225]|[0.7241191302950967, -0.6471304355005928, 3.623850613801877, 0.7120522545515486, 0.2653320521511205, 2.7167281241485113, 0.4583138622489369, 2.6602758717021953, 1.008909388740225]|[0.7241191302950967, -0.6471304355005928, 3.623850613801877, 0.7120522545515486, 0.2653320521511205, 2.7167281241485113, 0.4583138622489369, 2.6602758717021953, 1.008909388740225]|
C RC4 1401
