E SIM_GYR_RND 88.1796546643
R [-0.2937073168472582, 1.248497869976766, 1.723855099356498, 1.2072310444313896, 1.365188266774711, -0.43904823801636095, 1.7355457873629632, 0.947171014722573, 0.3235036281682415]|[-0.2937073168472582, 1.248497869976766, 1.723855099356498, 1.2072310444313896, 1.365188266774711, -0.43904823801636095, 1.7355457873629632, 0.947171014722573, 0.3235036281682415]|[-0.2937073168472582, 1.248497869976766, 1.723855099356498, 1.2072310444313896, 1.365188266774711, -0.43904823801636095, 1.7355457873629632, 0.947171014722573, 0.3235036281682415]|
E SIM_VIB_FREQ_X 98.0286391339
P ATC_RATE_R_MAX 681
E SIM_BAUDLIMIT_EN 35.1699502044
C MAV_CMD_DO_SEND_BANNER 43,35,20,17,34,7,54
E SIM_SONAR_SCALE 91.6671578421
P GND_ALT_OFFSET 9877
E SIM_MAG_MOT_X 98.2451052023
P EK3_WIND_PSCALE 1
P LAND_ALT_LOW 3296
E SIM_GPS_NUMSATS 3.78654713666
R [1.7228971895968406, 1.2856569041418417, 0.8162023038610453, 1.8914161590052767, 2.2707797629213125, 1.5240963762807764, 0.5706854281475902, -0.01047881893946867, -0.4215345345511513]|[1.7228971895968406, 1.2856569041418417, 0.8162023038610453, 1.8914161590052767, 2.2707797629213125, 1.5240963762807764, 0.5706854281475902, -0.01047881893946867, -0.4215345345511513]|[1.7228971895968406, 1.2856569041418417, 0.8162023038610453, 1.8914161590052767, 2.2707797629213125, 1.5240963762807764, 0.5706854281475902, -0.01047881893946867, -0.4215345345511513]|
