P ATC_RAT_RLL_P 0.154827829917
E SIM_FLOW_POS_Y 90.9320747935
R [1.6164303723769873, 1.3954114903772676, 1.867577815365479, 2.098402288774156, 1.1296800498917978, 1.6551492572492292, 0.7312690500986117, 1.5345537332021306, 0.4396823661914167]|[1.6164303723769873, 1.3954114903772676, 1.867577815365479, 2.098402288774156, 1.1296800498917978, 1.6551492572492292, 0.7312690500986117, 1.5345537332021306, 0.4396823661914167]|[1.6164303723769873, 1.3954114903772676, 1.867577815365479, 2.098402288774156, 1.1296800498917978, 1.6551492572492292, 0.7312690500986117, 1.5345537332021306, 0.4396823661914167]|
R [2.9382815818956853, 2.0039647807693166, 2.000790724195083, 2.4696673350577303, 0.5404776865946402, 0.011254982713102546, -0.06676869755190273, 1.1084833461856378, 0.4242172414772723]|[2.9382815818956853, 2.0039647807693166, 2.000790724195083, 2.4696673350577303, 0.5404776865946402, 0.011254982713102546, -0.06676869755190273, 1.1084833461856378, 0.4242172414772723]|[2.9382815818956853, 2.0039647807693166, 2.000790724195083, 2.4696673350577303, 0.5404776865946402, 0.011254982713102546, -0.06676869755190273, 1.1084833461856378, 0.4242172414772723]|
C MAV_CMD_DO_GUIDED_LIMITS 97,10,51,26,47,75,69
C MAV_CMD_CONDITION_DELAY 37,22,4,17,1,41,45
C MAV_CMD_NAV_ALTITUDE_WAIT 26,64,42,89,59,74,11
C MAV_CMD_NAV_LOITER_TIME 5,81,17,48,29,13,64
P PILOT_THR_FILT 10
E SIM_BATT_VOLTAGE 86.8101627774
