E SIM_GND_BEHAV 74.3249083821
C MAV_CMD_COMPONENT_ARM_DISARM 70,60,44,49,30,30,46
C MAV_CMD_DO_REPOSITION 80,82,74,54,95,91,83
E SIM_GND_BEHAV 74.38523698
C MAV_CMD_NAV_SPLINE_WAYPOINT 12,71,86,41,1,62,82
C MAV_CMD_NAV_LOITER_TURNS 31,47,5,60,58,44,70
R [0.36945574186958324, 2.412234433173825, 1.8322168684618674, 2.4838762341199363, 1.1558279726295022, 2.700494323129267, 1.1780627859336832, 0.484057480564558, 1.241570976149851]|[0.36945574186958324, 2.412234433173825, 1.8322168684618674, 2.4838762341199363, 1.1558279726295022, 2.700494323129267, 1.1780627859336832, 0.484057480564558, 1.241570976149851]|[0.36945574186958324, 2.412234433173825, 1.8322168684618674, 2.4838762341199363, 1.1558279726295022, 2.700494323129267, 1.1780627859336832, 0.484057480564558, 1.241570976149851]|
E SIM_ADSB_RADIUS 33.9590744072
R [1.8360592004319483, 1.7008515965118107, 0.6517418107995671, 2.0729934243303147, 1.515211540786758, 0.9471623834359548, 1.822132403435169, 1.5821909723137624, 1.39404570488046]|[1.8360592004319483, 1.7008515965118107, 0.6517418107995671, 2.0729934243303147, 1.515211540786758, 0.9471623834359548, 1.822132403435169, 1.5821909723137624, 1.39404570488046]|[1.8360592004319483, 1.7008515965118107, 0.6517418107995671, 2.0729934243303147, 1.515211540786758, 0.9471623834359548, 1.822132403435169, 1.5821909723137624, 1.39404570488046]|
C MAV_CMD_DO_PARACHUTE 2
P ATC_RAT_RLL_FLTD 98
E SIM_PLD_TYPE 60.730455488
C MAV_CMD_DO_DIGICAM_CONFIGURE 95,48,69,63,36,27,25
R [0.29220740065047074, 0.3969989278904233, 2.906631173494771, -1.0715946670641587, 0.3049437578486784, 0.441674570546381, 2.059603171793072, 1.4451926399494803, 2.479560419142226]|[0.29220740065047074, 0.3969989278904233, 2.906631173494771, -1.0715946670641587, 0.3049437578486784, 0.441674570546381, 2.059603171793072, 1.4451926399494803, 2.479560419142226]|[0.29220740065047074, 0.3969989278904233, 2.906631173494771, -1.0715946670641587, 0.3049437578486784, 0.441674570546381, 2.059603171793072, 1.4451926399494803, 2.479560419142226]|
C MAV_CMD_NAV_LOITER_TIME 78,13,35,70,33,74,45
R [2.1103581156584243, 2.8332043064965893, -0.24981727087131522, -0.11541734194249831, 2.206506649503589, 1.5793518430775397, 0.7349834213750331, 1.5123408989872003, -0.26274239089255375]|[2.1103581156584243, 2.8332043064965893, -0.24981727087131522, -0.11541734194249831, 2.206506649503589, 1.5793518430775397, 0.7349834213750331, 1.5123408989872003, -0.26274239089255375]|[2.1103581156584243, 2.8332043064965893, -0.24981727087131522, -0.11541734194249831, 2.206506649503589, 1.5793518430775397, 0.7349834213750331, 1.5123408989872003, -0.26274239089255375]|
R [1.0387615844053102, 3.577376909670753, 2.561146292726917, 1.6238968159240623, 1.2905186859501958, 1.274364663687503, 0.618020270957217, 1.1352738819679538, 1.7417982160622878]|[1.0387615844053102, 3.577376909670753, 2.561146292726917, 1.6238968159240623, 1.2905186859501958, 1.274364663687503, 0.618020270957217, 1.1352738819679538, 1.7417982160622878]|[1.0387615844053102, 3.577376909670753, 2.561146292726917, 1.6238968159240623, 1.2905186859501958, 1.274364663687503, 0.618020270957217, 1.1352738819679538, 1.7417982160622878]|
R [0.5426618029045982, 3.807431234599755, 1.2405173274541577, 2.4652938308202934, 3.38201670573182, 1.9830633010078522, 0.27538754821875305, 1.8091460190080868, 0.6723668511078096]|[0.5426618029045982, 3.807431234599755, 1.2405173274541577, 2.4652938308202934, 3.38201670573182, 1.9830633010078522, 0.27538754821875305, 1.8091460190080868, 0.6723668511078096]|[0.5426618029045982, 3.807431234599755, 1.2405173274541577, 2.4652938308202934, 3.38201670573182, 1.9830633010078522, 0.27538754821875305, 1.8091460190080868, 0.6723668511078096]|
R [1.0389799742020749, 1.6841418769307235, -0.09581778912723304, 0.48531804776355447, -0.3773504977963882, 1.0154376174960813, 0.6641413577538076, 3.120441047976571, 0.6829630481410305]|[1.0389799742020749, 1.6841418769307235, -0.09581778912723304, 0.48531804776355447, -0.3773504977963882, 1.0154376174960813, 0.6641413577538076, 3.120441047976571, 0.6829630481410305]|[1.0389799742020749, 1.6841418769307235, -0.09581778912723304, 0.48531804776355447, -0.3773504977963882, 1.0154376174960813, 0.6641413577538076, 3.120441047976571, 0.6829630481410305]|
E SIM_WOW_PIN 73.6260044937
C RC3 1985
C RC2 1293
C MAV_CMD_SET_FACTORY_TEST_MODE 50,34,45,46,33,15,42
R [2.1027763328119686, 0.783333224986178, 2.7047968134178704, 2.095767131587838, 1.3121913330288772, 2.586351280645195, 0.3547647450562654, 1.0792202536656874, 1.5560072671527487]|[2.1027763328119686, 0.783333224986178, 2.7047968134178704, 2.095767131587838, 1.3121913330288772, 2.586351280645195, 0.3547647450562654, 1.0792202536656874, 1.5560072671527487]|[2.1027763328119686, 0.783333224986178, 2.7047968134178704, 2.095767131587838, 1.3121913330288772, 2.586351280645195, 0.3547647450562654, 1.0792202536656874, 1.5560072671527487]|
P ATC_RAT_RLL_FLTT 13
R [-0.8882748461520329, 1.7659088126139362, 1.2161974333919854, 2.272758722376941, 0.16358361496155427, 0.5701156549394379, 0.5124913012189749, 2.6571575002692276, 2.124576794175235]|[-0.8882748461520329, 1.7659088126139362, 1.2161974333919854, 2.272758722376941, 0.16358361496155427, 0.5701156549394379, 0.5124913012189749, 2.6571575002692276, 2.124576794175235]|[-0.8882748461520329, 1.7659088126139362, 1.2161974333919854, 2.272758722376941, 0.16358361496155427, 0.5701156549394379, 0.5124913012189749, 2.6571575002692276, 2.124576794175235]|
E SIM_GYR_SCALE_Y 75.8690606459
E SIM_PARA_PIN 60.6429324489
R [1.6476162688984748, -0.9705392246927539, 1.418370248143528, 0.530896663833449, -0.40328145568705065, 0.9949091099087783, 2.7192670783010118, -1.205255707741609, 1.2277306704175561]|[1.6476162688984748, -0.9705392246927539, 1.418370248143528, 0.530896663833449, -0.40328145568705065, 0.9949091099087783, 2.7192670783010118, -1.205255707741609, 1.2277306704175561]|[1.6476162688984748, -0.9705392246927539, 1.418370248143528, 0.530896663833449, -0.40328145568705065, 0.9949091099087783, 2.7192670783010118, -1.205255707741609, 1.2277306704175561]|
E SIM_MAG_SCALING 99.0787265918
P GPS_POS2_Z -4.12300123054
C MAV_CMD_DO_AUTOTUNE_ENABLE 80,16,43,51,60,66,6
R [1.0610836148293779, -1.3747971778916583, 3.012919678742195, 2.8346932284503104, -0.6792780120483713, 1.0993979851760405, 2.056448192307743, 0.20850951400259377, 2.580482473311868]|[1.0610836148293779, -1.3747971778916583, 3.012919678742195, 2.8346932284503104, -0.6792780120483713, 1.0993979851760405, 2.056448192307743, 0.20850951400259377, 2.580482473311868]|[1.0610836148293779, -1.3747971778916583, 3.012919678742195, 2.8346932284503104, -0.6792780120483713, 1.0993979851760405, 2.056448192307743, 0.20850951400259377, 2.580482473311868]|
P ATC_RAT_RLL_P 0.102770006034
P ATC_RAT_RLL_IMAX 1
C MAV_CMD_DO_DIGICAM_CONTROL 19,56,96,87,95,47,52
E SIM_TERRAIN 66.5094985828
P PILOT_THR_FILT 8
C MAV_CMD_NAV_TAKEOFF 78,10,93,91,35,12,44
R [1.2109678208515866, 2.1073362154400708, 1.8130622356318082, -0.5982404439583028, 2.975777360937823, 0.07260317990756493, 1.724489636398517, -0.07734079564630475, 2.6613717995643897]|[1.2109678208515866, 2.1073362154400708, 1.8130622356318082, -0.5982404439583028, 2.975777360937823, 0.07260317990756493, 1.724489636398517, -0.07734079564630475, 2.6613717995643897]|[1.2109678208515866, 2.1073362154400708, 1.8130622356318082, -0.5982404439583028, 2.975777360937823, 0.07260317990756493, 1.724489636398517, -0.07734079564630475, 2.6613717995643897]|
P ATC_THR_MIX_MAX 0.740467178644
C MAV_CMD_FIXED_MAG_CAL 21,5,14,56,73,62,22
R [0.43510700210245257, 1.1183432949949696, 0.430530444266889, 0.5896690585909637, 2.5558313736898994, 1.1514593481822268, 0.18724505877031478, 1.834663047251683, 2.1992154269783066]|[0.43510700210245257, 1.1183432949949696, 0.430530444266889, 0.5896690585909637, 2.5558313736898994, 1.1514593481822268, 0.18724505877031478, 1.834663047251683, 2.1992154269783066]|[0.43510700210245257, 1.1183432949949696, 0.430530444266889, 0.5896690585909637, 2.5558313736898994, 1.1514593481822268, 0.18724505877031478, 1.834663047251683, 2.1992154269783066]|
E SIM_LOOP_DELAY 67.9855509773
P ATC_RAT_RLL_FLTD 36
E SIM_WIND_DIR 93.9249748602
C MAV_CMD_COMPONENT_ARM_DISARM 81,8,10,26,5,30,23
E SIM_WIND_TURB 71.9901057404
