C MAV_CMD_SOLO_BTN_PAUSE_CLICK 25,32,51,63,77,77,4
E SIM_IMU_POS_X 64.1167876666
C MAV_CMD_NAV_SPLINE_WAYPOINT 82,38,80,76,16,13,61
R [-0.5917297080609484, 3.8415435122486374, 1.4293525519097108, 1.0604476239495586, 1.965031973103251, 2.5684935264404154, -0.006251906848922906, 1.6753435729233714, 0.2716622796405518]|[-0.5917297080609484, 3.8415435122486374, 1.4293525519097108, 1.0604476239495586, 1.965031973103251, 2.5684935264404154, -0.006251906848922906, 1.6753435729233714, 0.2716622796405518]|[-0.5917297080609484, 3.8415435122486374, 1.4293525519097108, 1.0604476239495586, 1.965031973103251, 2.5684935264404154, -0.006251906848922906, 1.6753435729233714, 0.2716622796405518]|
C MAV_CMD_CONDITION_DELAY 63,100,62,19,89,42,64
R [0.627372288149444, 2.5599069458530046, 1.3497776938991093, -0.21496535744711565, 2.8700848022171894, 1.4498265212561843, 0.8296460111458799, 1.1747098050348093, -0.488544738449294]|[0.627372288149444, 2.5599069458530046, 1.3497776938991093, -0.21496535744711565, 2.8700848022171894, 1.4498265212561843, 0.8296460111458799, 1.1747098050348093, -0.488544738449294]|[0.627372288149444, 2.5599069458530046, 1.3497776938991093, -0.21496535744711565, 2.8700848022171894, 1.4498265212561843, 0.8296460111458799, 1.1747098050348093, -0.488544738449294]|
C MAV_CMD_NAV_LOITER_TIME 32,54,54,56,34,84,31
R [3.41491575295359, -2.161038526664237, -1.6732546882400579, 1.8411648238451703, -0.30467414544036486, 0.6392673143738002, 2.073141163050818, 0.5051415894310827, -0.34456498163769145]|[3.41491575295359, -2.161038526664237, -1.6732546882400579, 1.8411648238451703, -0.30467414544036486, 0.6392673143738002, 2.073141163050818, 0.5051415894310827, -0.34456498163769145]|[3.41491575295359, -2.161038526664237, -1.6732546882400579, 1.8411648238451703, -0.30467414544036486, 0.6392673143738002, 2.073141163050818, 0.5051415894310827, -0.34456498163769145]|
R [-0.2870662232690164, 2.6534342994425453, -0.45450494389690144, 0.411985918475075, 0.6800872139386559, 0.102306841851383, -2.2751831941579943, 1.1075338009753855, 1.3765661324385778]|[-0.2870662232690164, 2.6534342994425453, -0.45450494389690144, 0.411985918475075, 0.6800872139386559, 0.102306841851383, -2.2751831941579943, 1.1075338009753855, 1.3765661324385778]|[-0.2870662232690164, 2.6534342994425453, -0.45450494389690144, 0.411985918475075, 0.6800872139386559, 0.102306841851383, -2.2751831941579943, 1.1075338009753855, 1.3765661324385778]|
R [2.9529386590921183, 2.1010737710232883, -1.9243395408104047, 1.245041483141402, -1.2095139679818523, 1.4541231653839612, 1.622908634795072, 0.7856205843453086, 0.6342512670143361]|[2.9529386590921183, 2.1010737710232883, -1.9243395408104047, 1.245041483141402, -1.2095139679818523, 1.4541231653839612, 1.622908634795072, 0.7856205843453086, 0.6342512670143361]|[2.9529386590921183, 2.1010737710232883, -1.9243395408104047, 1.245041483141402, -1.2095139679818523, 1.4541231653839612, 1.622908634795072, 0.7856205843453086, 0.6342512670143361]|
E SIM_PLD_DIST_LMT 57.5874103911
C MAV_CMD_CONDITION_DELAY 30,81,5,78,98,57,79
E SIM_GPS_LOCKTIME 98.1251624142
E SIM_MAG_DIA_X 53.8249549241
R [1.2840685218460821, 2.57197882929125, 1.7851000046248284, -0.22485008463904516, 3.403517962970222, 2.7221877981784823, 1.169944010556086, 1.3434089118925088, 1.5670686051605323]|[1.2840685218460821, 2.57197882929125, 1.7851000046248284, -0.22485008463904516, 3.403517962970222, 2.7221877981784823, 1.169944010556086, 1.3434089118925088, 1.5670686051605323]|[1.2840685218460821, 2.57197882929125, 1.7851000046248284, -0.22485008463904516, 3.403517962970222, 2.7221877981784823, 1.169944010556086, 1.3434089118925088, 1.5670686051605323]|
E SIM_MAG_OFS_Z 55.0618283253
R [1.477530464035398, 0.6851665727892559, 0.33777460410430304, 1.1781559689306325, 1.9419263952346526, 0.6441160328458017, 1.3407548257379949, 1.3374845569406828, 1.16508205080591]|[1.477530464035398, 0.6851665727892559, 0.33777460410430304, 1.1781559689306325, 1.9419263952346526, 0.6441160328458017, 1.3407548257379949, 1.3374845569406828, 1.16508205080591]|[1.477530464035398, 0.6851665727892559, 0.33777460410430304, 1.1781559689306325, 1.9419263952346526, 0.6441160328458017, 1.3407548257379949, 1.3374845569406828, 1.16508205080591]|
C MAV_CMD_CONDITION_DELAY 11,91,12,83,35,65,77
R [1.7696879767990445, 1.0949692666650483, -0.41329065000616827, 0.5735499598384427, 1.4854777848518625, 0.8265463334178564, -0.18062645081083906, 1.7822387955589551, 2.194014891084266]|[1.7696879767990445, 1.0949692666650483, -0.41329065000616827, 0.5735499598384427, 1.4854777848518625, 0.8265463334178564, -0.18062645081083906, 1.7822387955589551, 2.194014891084266]|[1.7696879767990445, 1.0949692666650483, -0.41329065000616827, 0.5735499598384427, 1.4854777848518625, 0.8265463334178564, -0.18062645081083906, 1.7822387955589551, 2.194014891084266]|
R [2.7805168265890856, 0.1688110115169335, 1.0244299159580303, 3.193916960265542, 1.4829607529802753, 1.271888440277551, 1.3104082168349367, 1.426673383704887, 1.3513506401052524]|[2.7805168265890856, 0.1688110115169335, 1.0244299159580303, 3.193916960265542, 1.4829607529802753, 1.271888440277551, 1.3104082168349367, 1.426673383704887, 1.3513506401052524]|[2.7805168265890856, 0.1688110115169335, 1.0244299159580303, 3.193916960265542, 1.4829607529802753, 1.271888440277551, 1.3104082168349367, 1.426673383704887, 1.3513506401052524]|
R [1.6824165056601459, 2.434919721343611, 1.2627116400108922, -0.5633089283150678, 1.5703488774030558, 2.3068113461735775, 1.445686112814427, 4.397941278259618, 1.0386495602159949]|[1.6824165056601459, 2.434919721343611, 1.2627116400108922, -0.5633089283150678, 1.5703488774030558, 2.3068113461735775, 1.445686112814427, 4.397941278259618, 1.0386495602159949]|[1.6824165056601459, 2.434919721343611, 1.2627116400108922, -0.5633089283150678, 1.5703488774030558, 2.3068113461735775, 1.445686112814427, 4.397941278259618, 1.0386495602159949]|
E SIM_TEMP_FLIGHT 6.53723583634
R [1.0380310868314142, 1.64572979226825, 0.1515375320960204, 2.426928734270853, 1.980681323000225, 1.9295664875752148, 2.2929266168679976, 1.021867804999592, 2.1868002117803713]|[1.0380310868314142, 1.64572979226825, 0.1515375320960204, 2.426928734270853, 1.980681323000225, 1.9295664875752148, 2.2929266168679976, 1.021867804999592, 2.1868002117803713]|[1.0380310868314142, 1.64572979226825, 0.1515375320960204, 2.426928734270853, 1.980681323000225, 1.9295664875752148, 2.2929266168679976, 1.021867804999592, 2.1868002117803713]|
E SIM_BAUDLIMIT_EN 47.529979379
R [2.315674515868608, 1.6144405509365893, 2.5092886603161713, 2.3117777743581467, 1.60757933204293, 2.358742964924316, 2.842331236593418, 1.2501036586278098, 1.8245844152089052]|[2.315674515868608, 1.6144405509365893, 2.5092886603161713, 2.3117777743581467, 1.60757933204293, 2.358742964924316, 2.842331236593418, 1.2501036586278098, 1.8245844152089052]|[2.315674515868608, 1.6144405509365893, 2.5092886603161713, 2.3117777743581467, 1.60757933204293, 2.358742964924316, 2.842331236593418, 1.2501036586278098, 1.8245844152089052]|
P RTL_ALT 6492
R [1.5886630326865891, 0.7662270287441597, 1.3018467661952837, 1.3373651435875664, 4.841583567136652, -0.6694557894457697, 2.52263327280094, 1.0267388999878881, 2.326880134504214]|[1.5886630326865891, 0.7662270287441597, 1.3018467661952837, 1.3373651435875664, 4.841583567136652, -0.6694557894457697, 2.52263327280094, 1.0267388999878881, 2.326880134504214]|[1.5886630326865891, 0.7662270287441597, 1.3018467661952837, 1.3373651435875664, 4.841583567136652, -0.6694557894457697, 2.52263327280094, 1.0267388999878881, 2.326880134504214]|
E SIM_PLD_TYPE 74.7728872861
P LAND_ALT_LOW 8154
E SIM_RC_CHANCOUNT 68.5830995166
C MAV_CMD_POWER_OFF_INITIATED 62,26,24,86,6,36,95
R [1.5967721985961176, 1.5317712238237193, 1.460742055206491, 0.9120927728888593, 0.36986159945556946, 1.10239128940702, 1.8687892006729183, 0.9251028993560723, 1.7725158685153264]|[1.5967721985961176, 1.5317712238237193, 1.460742055206491, 0.9120927728888593, 0.36986159945556946, 1.10239128940702, 1.8687892006729183, 0.9251028993560723, 1.7725158685153264]|[1.5967721985961176, 1.5317712238237193, 1.460742055206491, 0.9120927728888593, 0.36986159945556946, 1.10239128940702, 1.8687892006729183, 0.9251028993560723, 1.7725158685153264]|
P ATC_RAT_RLL_FLTT 32
C MAV_CMD_CONDITION_DELAY 88,47,74,98,74,85,1
C MAV_CMD_NAV_TAKEOFF 17,20,76,53,29,37,34
P MOT_SLEW_UP_TIME 0.0712159046668
R [1.4745976279400623, 2.7660804393792278, 2.0969019088707217, 0.27391902670785423, 1.197351498500664, 1.5880875623562194, 4.203337900219459, 0.12089371986278108, 2.077865596427738]|[1.4745976279400623, 2.7660804393792278, 2.0969019088707217, 0.27391902670785423, 1.197351498500664, 1.5880875623562194, 4.203337900219459, 0.12089371986278108, 2.077865596427738]|[1.4745976279400623, 2.7660804393792278, 2.0969019088707217, 0.27391902670785423, 1.197351498500664, 1.5880875623562194, 4.203337900219459, 0.12089371986278108, 2.077865596427738]|
P AHRS_TRIM_X -0.159551217877
E SIM_BARO_DISABLE 38.9331848291
R [0.35987611716304874, 1.9708821417704356, 0.7867145012705833, -0.16006202891837557, 1.6171161649889272, 1.7344645360903521, 1.4309756432577223, 3.8666295037673657, 1.4154978690396642]|[0.35987611716304874, 1.9708821417704356, 0.7867145012705833, -0.16006202891837557, 1.6171161649889272, 1.7344645360903521, 1.4309756432577223, 3.8666295037673657, 1.4154978690396642]|[0.35987611716304874, 1.9708821417704356, 0.7867145012705833, -0.16006202891837557, 1.6171161649889272, 1.7344645360903521, 1.4309756432577223, 3.8666295037673657, 1.4154978690396642]|
E SIM_RC_FAIL 52.8146551052
C MAV_CMD_SOLO_BTN_PAUSE_CLICK 69,70,74,86,54,92,43
R [1.3239776603961868, 1.7211207355250513, 1.3549403364824646, 1.4258925448917492, 0.5571286371116375, 1.6344362481697563, 1.8301508342568273, 1.598298806969169, 0.19368714932940018]|[1.3239776603961868, 1.7211207355250513, 1.3549403364824646, 1.4258925448917492, 0.5571286371116375, 1.6344362481697563, 1.8301508342568273, 1.598298806969169, 0.19368714932940018]|[1.3239776603961868, 1.7211207355250513, 1.3549403364824646, 1.4258925448917492, 0.5571286371116375, 1.6344362481697563, 1.8301508342568273, 1.598298806969169, 0.19368714932940018]|
P ATC_RAT_RLL_I 0.500610410353
R [-0.7885720372158389, 2.9927500572253125, 1.4193938463217104, 2.3607008670972633, 1.722615997414894, 0.623726009004228, 0.08875583711707874, 2.3768205508714018, 1.9478339060845526]|[-0.7885720372158389, 2.9927500572253125, 1.4193938463217104, 2.3607008670972633, 1.722615997414894, 0.623726009004228, 0.08875583711707874, 2.3768205508714018, 1.9478339060845526]|[-0.7885720372158389, 2.9927500572253125, 1.4193938463217104, 2.3607008670972633, 1.722615997414894, 0.623726009004228, 0.08875583711707874, 2.3768205508714018, 1.9478339060845526]|
R [1.3527205646058396, 2.4255657607865415, 1.7595502156172764, -1.2869879294358282, 0.16785924451634793, 1.0240642898362362, 1.8029062840313352, -0.15713135460978955, 0.4699746874348867]|[1.3527205646058396, 2.4255657607865415, 1.7595502156172764, -1.2869879294358282, 0.16785924451634793, 1.0240642898362362, 1.8029062840313352, -0.15713135460978955, 0.4699746874348867]|[1.3527205646058396, 2.4255657607865415, 1.7595502156172764, -1.2869879294358282, 0.16785924451634793, 1.0240642898362362, 1.8029062840313352, -0.15713135460978955, 0.4699746874348867]|
E SIM_MAG_DIA_X 21.8279801637
R [-0.8301934213300134, 1.3636112037338917, 0.9472519403837236, 0.06441069469270783, 2.9622490786500735, 0.6650098018611985, 0.2062351311134566, 0.6593005671574153, 1.5768820153076741]|[-0.8301934213300134, 1.3636112037338917, 0.9472519403837236, 0.06441069469270783, 2.9622490786500735, 0.6650098018611985, 0.2062351311134566, 0.6593005671574153, 1.5768820153076741]|[-0.8301934213300134, 1.3636112037338917, 0.9472519403837236, 0.06441069469270783, 2.9622490786500735, 0.6650098018611985, 0.2062351311134566, 0.6593005671574153, 1.5768820153076741]|
C MAV_CMD_DO_REPEAT_RELAY 69,69,61,46,68,51,16
E SIM_TEMP_FLIGHT 64.3220606196
R [-0.16415684402869918, -0.6175823970602221, 1.842904621077279, 1.9340689247261953, 1.6774806429838038, 1.2605463664509233, -0.15593704944195086, 1.620663946823655, 4.3213066647843]|[-0.16415684402869918, -0.6175823970602221, 1.842904621077279, 1.9340689247261953, 1.6774806429838038, 1.2605463664509233, -0.15593704944195086, 1.620663946823655, 4.3213066647843]|[-0.16415684402869918, -0.6175823970602221, 1.842904621077279, 1.9340689247261953, 1.6774806429838038, 1.2605463664509233, -0.15593704944195086, 1.620663946823655, 4.3213066647843]|
E SIM_MAG_ODI_Z 70.4738469911
C RC1 1752
P EK2_ALT_M_NSE 4.37305387119
R [-1.041723239491224, 2.3087930009394126, 1.8945385903673342, 1.8922233052317035, 1.8959188625955912, 0.6440913214781444, 1.5297863379524534, 1.9085535321982445, -0.16960925444648012]|[-1.041723239491224, 2.3087930009394126, 1.8945385903673342, 1.8922233052317035, 1.8959188625955912, 0.6440913214781444, 1.5297863379524534, 1.9085535321982445, -0.16960925444648012]|[-1.041723239491224, 2.3087930009394126, 1.8945385903673342, 1.8922233052317035, 1.8959188625955912, 0.6440913214781444, 1.5297863379524534, 1.9085535321982445, -0.16960925444648012]|
E SIM_MAG_MOT_Z 40.0607753815
E SIM_GPS_DRIFTALT 7.61610536505
R [0.8812238294146674, 3.8651958475392734, 2.789219209090907, 1.710174464460314, 0.6294020851429896, 2.684855544971951, -0.4691031575206839, -1.1937888526243614, -0.5655420249411693]|[0.8812238294146674, 3.8651958475392734, 2.789219209090907, 1.710174464460314, 0.6294020851429896, 2.684855544971951, -0.4691031575206839, -1.1937888526243614, -0.5655420249411693]|[0.8812238294146674, 3.8651958475392734, 2.789219209090907, 1.710174464460314, 0.6294020851429896, 2.684855544971951, -0.4691031575206839, -1.1937888526243614, -0.5655420249411693]|
C MAV_CMD_DO_SET_RELAY 63,80,75,79,76,6,3
C MAV_CMD_DO_CHANGE_SPEED 62,69,9,48,11,11,45
R [0.34117449815216777, 0.4096244921661324, 0.8044662368728706, 0.7294170180433805, 0.8518769439274413, 0.8591468303284173, 2.1272941956761247, -0.5001002987123334, 2.943464649294955]|[0.34117449815216777, 0.4096244921661324, 0.8044662368728706, 0.7294170180433805, 0.8518769439274413, 0.8591468303284173, 2.1272941956761247, -0.5001002987123334, 2.943464649294955]|[0.34117449815216777, 0.4096244921661324, 0.8044662368728706, 0.7294170180433805, 0.8518769439274413, 0.8591468303284173, 2.1272941956761247, -0.5001002987123334, 2.943464649294955]|
P MOT_BOOST_SCALE 1
P ACRO_RP_EXPO 0.0297465582535
C MAV_CMD_NAV_TAKEOFF 39,34,92,46,100,47,61
E SIM_MAG_OFS_X 36.7263988348
C MAV_CMD_DO_GUIDED_LIMITS 24,38,30,51,90,76,83
R [0.261725221403324, 1.552555198568851, 3.670859362523279, 0.025295240213269454, 2.241043421777447, 1.0934846372026532, 2.1163843393403754, 2.5774786334145428, 1.5855913313408845]|[0.261725221403324, 1.552555198568851, 3.670859362523279, 0.025295240213269454, 2.241043421777447, 1.0934846372026532, 2.1163843393403754, 2.5774786334145428, 1.5855913313408845]|[0.261725221403324, 1.552555198568851, 3.670859362523279, 0.025295240213269454, 2.241043421777447, 1.0934846372026532, 2.1163843393403754, 2.5774786334145428, 1.5855913313408845]|
P AHRS_TRIM_X 0.0350067460434
C MAV_CMD_DO_GRIPPER 25,87,86,42,13,17,88
