R [1.5496778077264364, 1.3396501471443907, -0.5050768630299088, 2.3933606781137255, 0.059603768383293176, 1.1801397024148272, 1.385994004699189, 1.4309486298210357, -0.1893753864591025]|[1.5496778077264364, 1.3396501471443907, -0.5050768630299088, 2.3933606781137255, 0.059603768383293176, 1.1801397024148272, 1.385994004699189, 1.4309486298210357, -0.1893753864591025]|[1.5496778077264364, 1.3396501471443907, -0.5050768630299088, 2.3933606781137255, 0.059603768383293176, 1.1801397024148272, 1.385994004699189, 1.4309486298210357, -0.1893753864591025]|
C MAV_CMD_SOLO_BTN_FLY_CLICK 57,78,41,82,66,73,68
R [0.05666409273841133, 0.25496569215710946, 1.3679509045691325, 2.266333335986709, 0.9065233775426575, 2.088989972682508, -0.17935055896387742, 0.7042053027188016, 1.7348541981436858]|[0.05666409273841133, 0.25496569215710946, 1.3679509045691325, 2.266333335986709, 0.9065233775426575, 2.088989972682508, -0.17935055896387742, 0.7042053027188016, 1.7348541981436858]|[0.05666409273841133, 0.25496569215710946, 1.3679509045691325, 2.266333335986709, 0.9065233775426575, 2.088989972682508, -0.17935055896387742, 0.7042053027188016, 1.7348541981436858]|
R [0.7604710513775573, 0.271919689240142, -0.5960495688626108, 1.047410800346149, 3.031274156488096, 1.6159515663297055, 2.305174626896239, 0.5168064874029384, -0.998949850114361]|[0.7604710513775573, 0.271919689240142, -0.5960495688626108, 1.047410800346149, 3.031274156488096, 1.6159515663297055, 2.305174626896239, 0.5168064874029384, -0.998949850114361]|[0.7604710513775573, 0.271919689240142, -0.5960495688626108, 1.047410800346149, 3.031274156488096, 1.6159515663297055, 2.305174626896239, 0.5168064874029384, -0.998949850114361]|
P PILOT_ACCEL_Z 303
R [1.0521406509138644, 1.4243665517292279, -2.302514707563159, -0.951695999940658, 2.2522988982417442, 1.5870144444574343, -0.837237716852384, 2.923062070866937, 1.213765812591144]|[1.0521406509138644, 1.4243665517292279, -2.302514707563159, -0.951695999940658, 2.2522988982417442, 1.5870144444574343, -0.837237716852384, 2.923062070866937, 1.213765812591144]|[1.0521406509138644, 1.4243665517292279, -2.302514707563159, -0.951695999940658, 2.2522988982417442, 1.5870144444574343, -0.837237716852384, 2.923062070866937, 1.213765812591144]|
C MAV_CMD_DO_REPEAT_RELAY 12,49,75,15,21,13,33
P ACRO_BAL_ROLL 3
E SIM_VIB_FREQ_Z 13.9063097599
E SIM_MAG_DIA_Y 78.3941132542
P ACRO_RP_EXPO 0.0104715051264
C MAV_CMD_NAV_TAKEOFF 43,71,21,65,33,33,96
C MAV_CMD_SOLO_BTN_PAUSE_CLICK 43,48,79,15,93,38,44
P ATC_ACCEL_R_MAX 137429
P ATC_RAT_RLL_IMAX 0
R [1.0383423742076003, 1.886572122909121, -0.6477294317750474, 3.0586181765212705, -1.2097350040430497, 0.1272171221874755, 1.6932784694862681, 0.11952314295142125, 0.9160925724304143]|[1.0383423742076003, 1.886572122909121, -0.6477294317750474, 3.0586181765212705, -1.2097350040430497, 0.1272171221874755, 1.6932784694862681, 0.11952314295142125, 0.9160925724304143]|[1.0383423742076003, 1.886572122909121, -0.6477294317750474, 3.0586181765212705, -1.2097350040430497, 0.1272171221874755, 1.6932784694862681, 0.11952314295142125, 0.9160925724304143]|
C RC2 1786
C MAV_CMD_CONDITION_YAW 32,63,28,77,17,83,20
C MAV_CMD_COMPONENT_ARM_DISARM 29,3,10,4,71,30,100
P ACRO_RP_EXPO -0.466211250246
R [0.8300639904775102, 0.3536416934097902, -0.832326161387062, -1.0238353343561581, 2.341154801472336, 1.9678881097699716, 0.04373233823298561, 2.8128327045269157, 3.6232109609395353]|[0.8300639904775102, 0.3536416934097902, -0.832326161387062, -1.0238353343561581, 2.341154801472336, 1.9678881097699716, 0.04373233823298561, 2.8128327045269157, 3.6232109609395353]|[0.8300639904775102, 0.3536416934097902, -0.832326161387062, -1.0238353343561581, 2.341154801472336, 1.9678881097699716, 0.04373233823298561, 2.8128327045269157, 3.6232109609395353]|
C MAV_CMD_NAV_TAKEOFF 23,66,19,11,4,74,42
C MAV_CMD_DO_CHANGE_SPEED 5,33,71,78,16,9,52
P GND_PRIMARY 2
C MAV_CMD_CONDITION_DISTANCE 41,89,9,14,70,9,8
E SIM_TA_ENABLE 92.2822380682
C MAV_CMD_DO_PARACHUTE 2
C MAV_CMD_DO_MOUNT_CONTROL 51,96,67,25,53,14,9
E SIM_RC_FAIL 16.8561447551
P PILOT_THR_BHV 1
R [-0.19772169584405352, 1.8495970608651313, 2.569233275859053, 0.6257098592071668, -0.446905052305935, 0.13481142083530412, 1.667720766739683, 2.140378449420057, 2.1310019464060437]|[-0.19772169584405352, 1.8495970608651313, 2.569233275859053, 0.6257098592071668, -0.446905052305935, 0.13481142083530412, 1.667720766739683, 2.140378449420057, 2.1310019464060437]|[-0.19772169584405352, 1.8495970608651313, 2.569233275859053, 0.6257098592071668, -0.446905052305935, 0.13481142083530412, 1.667720766739683, 2.140378449420057, 2.1310019464060437]|
C MAV_CMD_SOLO_BTN_FLY_HOLD 67,2,34,97,36,6,62
C MAV_CMD_CONDITION_YAW 82,93,33,74,91,69,37
C MAV_CMD_NAV_RETURN_TO_LAUNCH 71,69,9,45,31,27,48
