E SIM_GYR_RND 79.562328371
R [0.6992953230783125, 0.7987399163263875, 2.077960547631796, -1.0718840937011624, 1.0662852720944445, 0.2905720025592357, -0.6496419248711868, 2.1102699277107964, 2.165948458554089]|[0.6992953230783125, 0.7987399163263875, 2.077960547631796, -1.0718840937011624, 1.0662852720944445, 0.2905720025592357, -0.6496419248711868, 2.1102699277107964, 2.165948458554089]|[0.6992953230783125, 0.7987399163263875, 2.077960547631796, -1.0718840937011624, 1.0662852720944445, 0.2905720025592357, -0.6496419248711868, 2.1102699277107964, 2.165948458554089]|
P MOT_BOOST_SCALE 5
R [1.034377888528561, 2.011379689260221, 1.004206360395001, 1.6291342236121333, 2.2034721952142133, 0.7919574388100223, 1.7954711842338302, 2.505421889979716, 2.7771417077025706]|[1.034377888528561, 2.011379689260221, 1.004206360395001, 1.6291342236121333, 2.2034721952142133, 0.7919574388100223, 1.7954711842338302, 2.505421889979716, 2.7771417077025706]|[1.034377888528561, 2.011379689260221, 1.004206360395001, 1.6291342236121333, 2.2034721952142133, 0.7919574388100223, 1.7954711842338302, 2.505421889979716, 2.7771417077025706]|
R [1.57126025988496, 1.9831792142676647, -0.13722354531624525, 1.5621557445418237, 1.3825226240470394, 0.6692793935033827, 0.4528484244276729, 1.9395916236249722, 1.0497482095833726]|[1.57126025988496, 1.9831792142676647, -0.13722354531624525, 1.5621557445418237, 1.3825226240470394, 0.6692793935033827, 0.4528484244276729, 1.9395916236249722, 1.0497482095833726]|[1.57126025988496, 1.9831792142676647, -0.13722354531624525, 1.5621557445418237, 1.3825226240470394, 0.6692793935033827, 0.4528484244276729, 1.9395916236249722, 1.0497482095833726]|
C MAV_CMD_SOLO_BTN_PAUSE_CLICK 87,50,41,33,33,6,90
C RC4 1401
C MAV_CMD_SET_FACTORY_TEST_MODE 18,63,38,32,64,51,59
R [2.1870712840923296, 0.08959673110020377, 1.4306023123643783, 1.1226483522636008, 1.4218876624456551, -0.3967849117223373, 0.6691879545332957, 1.0549842137529546, -0.11956558840810283]|[2.1870712840923296, 0.08959673110020377, 1.4306023123643783, 1.1226483522636008, 1.4218876624456551, -0.3967849117223373, 0.6691879545332957, 1.0549842137529546, -0.11956558840810283]|[2.1870712840923296, 0.08959673110020377, 1.4306023123643783, 1.1226483522636008, 1.4218876624456551, -0.3967849117223373, 0.6691879545332957, 1.0549842137529546, -0.11956558840810283]|
R [0.3567279066266537, -0.03890916149302143, 0.7497524918802311, 1.1173974700364457, 2.5558541022411485, 1.9843077675288554, 1.7503324377423488, 0.2978653198340282, 1.1403833634278002]|[0.3567279066266537, -0.03890916149302143, 0.7497524918802311, 1.1173974700364457, 2.5558541022411485, 1.9843077675288554, 1.7503324377423488, 0.2978653198340282, 1.1403833634278002]|[0.3567279066266537, -0.03890916149302143, 0.7497524918802311, 1.1173974700364457, 2.5558541022411485, 1.9843077675288554, 1.7503324377423488, 0.2978653198340282, 1.1403833634278002]|
R [-0.13393989218129387, 0.3306274460791781, -0.5683628322415574, 3.5064981449529915, 1.1050567839705367, 1.1959380327353346, 1.4703948651296979, 2.144772321905688, 0.6215468470468675]|[-0.13393989218129387, 0.3306274460791781, -0.5683628322415574, 3.5064981449529915, 1.1050567839705367, 1.1959380327353346, 1.4703948651296979, 2.144772321905688, 0.6215468470468675]|[-0.13393989218129387, 0.3306274460791781, -0.5683628322415574, 3.5064981449529915, 1.1050567839705367, 1.1959380327353346, 1.4703948651296979, 2.144772321905688, 0.6215468470468675]|
R [2.1040417862071994, 1.388222016958546, 1.384021692047272, 1.7187283535695814, 2.6238896518578483, 2.7985871160021416, -0.18791383020539604, 0.4393014449730641, 0.34104604061310156]|[2.1040417862071994, 1.388222016958546, 1.384021692047272, 1.7187283535695814, 2.6238896518578483, 2.7985871160021416, -0.18791383020539604, 0.4393014449730641, 0.34104604061310156]|[2.1040417862071994, 1.388222016958546, 1.384021692047272, 1.7187283535695814, 2.6238896518578483, 2.7985871160021416, -0.18791383020539604, 0.4393014449730641, 0.34104604061310156]|
R [-0.09864787481701903, 2.010326270012727, 1.254610037535162, 1.703708125992531, 2.0736400237447024, 1.0630502034036897, 0.9714132559681734, 3.693815100197168, 1.494661456378036]|[-0.09864787481701903, 2.010326270012727, 1.254610037535162, 1.703708125992531, 2.0736400237447024, 1.0630502034036897, 0.9714132559681734, 3.693815100197168, 1.494661456378036]|[-0.09864787481701903, 2.010326270012727, 1.254610037535162, 1.703708125992531, 2.0736400237447024, 1.0630502034036897, 0.9714132559681734, 3.693815100197168, 1.494661456378036]|
P PILOT_ACCEL_Z 105
R [3.123686468360606, 1.989671755707695, 2.300436870793604, -0.6518747114625847, 2.0337152053146914, 2.5090872228416643, 3.6058007872239166, 1.8822500764443322, 1.5510871708456615]|[3.123686468360606, 1.989671755707695, 2.300436870793604, -0.6518747114625847, 2.0337152053146914, 2.5090872228416643, 3.6058007872239166, 1.8822500764443322, 1.5510871708456615]|[3.123686468360606, 1.989671755707695, 2.300436870793604, -0.6518747114625847, 2.0337152053146914, 2.5090872228416643, 3.6058007872239166, 1.8822500764443322, 1.5510871708456615]|
P ATC_RAT_RLL_FLTT 82
C Flight_Mode 5
C RC2 1428
E SIM_RC_CHANCOUNT 2.76874037856
P ATC_THR_MIX_MAN 0.433134247814
R [2.4863996181414283, 2.3091690166844314, 1.6664573774849536, 1.8283137760257415, 0.17759663041542406, -0.968963175022655, 0.1669213360532571, 2.5774984183388856, 0.32979070957008993]|[2.4863996181414283, 2.3091690166844314, 1.6664573774849536, 1.8283137760257415, 0.17759663041542406, -0.968963175022655, 0.1669213360532571, 2.5774984183388856, 0.32979070957008993]|[2.4863996181414283, 2.3091690166844314, 1.6664573774849536, 1.8283137760257415, 0.17759663041542406, -0.968963175022655, 0.1669213360532571, 2.5774984183388856, 0.32979070957008993]|
C MAV_CMD_NAV_RETURN_TO_LAUNCH 52,67,13,89,79,100,22
