E SIM_MAG_ODI_Y 92.275420886
E SIM_SHOVE_X 9.89903484024
R [2.6594373351634033, 1.736394565849864, 0.5158232958654455, 2.5908892612945493, 1.8259130758496591, -0.6303431709367363, 2.5045957971623714, 0.5811943649239086, 2.218451719898318]|[2.6594373351634033, 1.736394565849864, 0.5158232958654455, 2.5908892612945493, 1.8259130758496591, -0.6303431709367363, 2.5045957971623714, 0.5811943649239086, 2.218451719898318]|[2.6594373351634033, 1.736394565849864, 0.5158232958654455, 2.5908892612945493, 1.8259130758496591, -0.6303431709367363, 2.5045957971623714, 0.5811943649239086, 2.218451719898318]|
C MAV_CMD_DO_SET_MODE 85,4,61,71,96,86,54
C MAV_CMD_GIMBAL_RESET 88,94,16,56,77,87,71
C MAV_CMD_DO_JUMP 53,52,45,58,90,87,99
P EK2_WIND_PSCALE 0
E SIM_MAG_MOT_X 0.39796929222
R [-0.9172034302610208, -1.6283913058443484, 1.7904525102086715, 1.6316390025718333, 0.4028603866037082, 1.1269509363149561, 2.7234382194475346, 0.7684753954308787, 3.6030649179144865]|[-0.9172034302610208, -1.6283913058443484, 1.7904525102086715, 1.6316390025718333, 0.4028603866037082, 1.1269509363149561, 2.7234382194475346, 0.7684753954308787, 3.6030649179144865]|[-0.9172034302610208, -1.6283913058443484, 1.7904525102086715, 1.6316390025718333, 0.4028603866037082, 1.1269509363149561, 2.7234382194475346, 0.7684753954308787, 3.6030649179144865]|
E SIM_MAG_MOT_Z 16.6086883996
P PILOT_TKOFF_ALT 691
E SIM_GPS_NUMSATS 4.35604573161
E SIM_MAG_ALY_X 43.2908264725
E SIM_PLD_ALT_LMT 8.52314950323
P ATC_THR_MIX_MAN 0.781141945089
C MAV_CMD_NAV_LOITER_TIME 91,97,33,30,77,47,58
C MAV_CMD_DO_GRIPPER 25,9,47,12,58,75,88
P FENCE_ALT_MAX 9907
P ATC_RAT_RLL_FLTE 71
E SIM_OPOS_LAT 64.5216964635
R [2.9524475471954976, 0.7929629703608769, -0.14273462231383016, -0.010482721538054796, 0.8590839150912947, 0.3331385306724431, 0.42124012104105685, 1.9011499466458854, 4.195226057777216]|[2.9524475471954976, 0.7929629703608769, -0.14273462231383016, -0.010482721538054796, 0.8590839150912947, 0.3331385306724431, 0.42124012104105685, 1.9011499466458854, 4.195226057777216]|[2.9524475471954976, 0.7929629703608769, -0.14273462231383016, -0.010482721538054796, 0.8590839150912947, 0.3331385306724431, 0.42124012104105685, 1.9011499466458854, 4.195226057777216]|
R [-0.650558242061436, -0.5508895157123336, 1.3323656159145196, 1.395021261948791, 0.09591115444244014, 0.5224956948491656, -0.032287293073884116, 1.714583949163801, 1.799413832019668]|[-0.650558242061436, -0.5508895157123336, 1.3323656159145196, 1.395021261948791, 0.09591115444244014, 0.5224956948491656, -0.032287293073884116, 1.714583949163801, 1.799413832019668]|[-0.650558242061436, -0.5508895157123336, 1.3323656159145196, 1.395021261948791, 0.09591115444244014, 0.5224956948491656, -0.032287293073884116, 1.714583949163801, 1.799413832019668]|
C MAV_CMD_NAV_RETURN_TO_LAUNCH 57,32,72,94,62,40,64
