E SIM_GPS_ALT_OFS 70.0279837104
C MAV_CMD_NAV_SPLINE_WAYPOINT 89,39,33,72,29,57,28
E SIM_TIDE_SPEED 96.0354858869
E SIM_SPR_SPIN 39.6522088444
E SIM_SPR_PUMP 69.023766107
E SIM_OPOS_ALT 74.9340440975
R [[-3.2093873 ,-0.88517674, 5.22233135, 1.43503649,-3.68373437,-3.25381037,
  -8.38072505, 3.44513711, 4.93090266]]|[[ -1.68122548,  8.67048718, 10.54236727,-11.75473195, 11.29564613,
   -9.50104417,  7.73833352,  8.41274739,-10.15470774]]|[[3.6290544 ,4.32152811,4.97402292,7.77018885,4.93669634,6.09119703,
  4.80525523,7.20877926,7.03121832]]
E SIM_PLD_YAW 32.2664715072
R [[ -8.21856542,-10.43573645,  3.26666278, -3.3459619 , -6.7689422 ,
    1.91989251, -1.50305236, -7.11591269, -6.52670333]]|[[  0.18860056,-11.669458  , -8.59731544,  0.75820062,-10.92369402,
   -7.65761825,  4.84101778,  4.28090745,  4.24383604]]|[[-5.5083889 , 0.66386678, 9.23094927,-8.02379857,-6.80360274,-9.49696097,
  -2.38199268,-3.90174325, 4.77798491]]
P ATC_RAT_RLL_FLTE 35
E SIM_MAG_DIA_Z 25.7459019134
P BCN_ALT 2576
P ATC_RAT_RLL_FLTD 24
E SIM_SHOVE_X 83.870252548
P EK2_VELD_M_NSE 1.72025474424
R [[ -1.13247203, -9.13985038,-11.41673092, -2.37913307,  0.32571566,
   -2.71619263, -9.82324266, -7.44621848, -1.14726215]]|[[-8.58677212,11.53108062,-7.86798563, 4.89636181, 6.21295222,-9.29410248,
   0.42418249,10.84300369,-2.59085992]]|[[-4.68426743,-9.72831942,-3.63202918, 5.36104335,11.72353122, 7.71577042,
  -8.67226634, 1.70642473, 0.25735943]]
E SIM_PLD_ALT_LMT 22.6018292929
R [[  5.17466637, -1.1200984 ,-11.5489595 , -0.09038896, -8.58672992,
   -2.67263261,  1.2442437 ,  5.03352942, 10.04186874]]|[[ 8.31627293, 2.28243292,-6.34498685, 9.98897909, 6.27689346,-1.77155179,
   3.53318719,-2.77429709, 6.21901363]]|[[ 1.16703257e+01, 8.57959758e+00,-6.73906928e-01, 7.82634846e+00,
  -8.33776649e+00, 1.04340742e-03,-9.12891812e+00,-1.08887751e+01,
  -3.33020650e-01]]
R [[ -9.85759699, 11.46750634,  4.816835  , 10.4819948 , 11.77090952,
   -3.36826283,-11.2296407 ,-10.24873732, -2.79997208]]|[[-2.13482393,-8.14591579, 0.99541731,-1.43922829,-4.21775133, 9.80724003,
  -3.50688698,-9.56856499,-6.92470835]]|[[-3.3404039 ,-8.5280896 ,-4.1117221 ,-4.06175681,10.85018334, 6.80248308,
   1.65689763, 5.8194068 , 9.42913921]]
R [[ -5.74510392, -5.1297611 , -3.83574885, -4.57088129,  9.49523065,
    1.79213369,  3.19765309, -0.93590687,-11.91195793]]|[[-4.68822784,-6.50045017,-9.61215227, 4.18702962, 1.06433391,-8.98117138,
  -3.91347736,11.07400067, 3.76237012]]|[[ -2.1595366 , -8.13031351,  8.26107986,-10.21180123, -3.5877869 ,
   -1.30211141, -4.02023237,  0.98280761,  7.07139968]]
C MAV_CMD_SOLO_BTN_PAUSE_CLICK 45,24,100,53,74,44,55
E SIM_ENGINE_MUL 44.3174649934
