R [[ -1.20901133,  5.88847887,  5.6387129 ,  8.33335529,  8.88000886,
  -11.98772126,  1.51364579,-10.33694611, -4.0624545 ]]|[[ 0.25138191,-4.40456745, 4.34952678, 7.69918557, 6.70891183, 8.85682223,
  -0.97947096,-6.77418553, 8.32438364]]|[[ 0.0125844 , 5.91200835, 4.29319381,-1.86641196,-7.63855099, 1.36989913,
  -6.27908901, 7.83094238,-3.63330648]]
R [[  6.49362927,  9.97759438,  7.17561543,-11.83658936, -2.85702738,
   -6.32244337, -0.31027662, -5.094132  , -3.71378891]]|[[  9.00905609,-11.76614617, -7.38433371, -2.82373346,  8.38056185,
   -5.77775061, -8.7898386 ,  3.02436106, 11.02164844]]|[[  3.03890393, -6.28772112, -6.75664575, -8.34158973,-11.5466174 ,
   10.17193223,  5.12594203, -3.59045983, -0.95563153]]
R [[ 11.43859865, -3.87473104, -4.62662313,-10.01618064,-10.78459895,
   -2.57879495,  0.5520034 ,  2.54668365, -9.87577118]]|[[ 10.13498328, -1.86523646, 10.97601162, -1.86498406, -1.11631051,
    4.40217836,  2.39548285, -2.25409041,-10.87125238]]|[[ 7.86117764,-7.66754175,-0.53214112, 3.92093479, 4.1454895 , 1.25154084,
   4.87314196,-2.67012771,-1.52617367]]
R [[ -6.63636671, -4.34085179, -5.05482349,  3.54676087,  3.5020996 ,
  -10.9221992 ,-11.75839126,  7.34076273,  7.18234916]]|[[ 10.4540227 ,  0.28624028, -7.91141709,  8.18447173, -7.05064737,
    5.80583589, 10.42737494,-10.11113224, -3.298587  ]]|[[-5.59799903, 3.97772893, 3.02596175,-9.35212424,-9.56610774,-4.38303322,
   1.11743158, 0.10178163, 3.35122032]]
C MAV_CMD_DO_AUTOTUNE_ENABLE 100,60,14,20,68,98,25
C MAV_CMD_NAV_TAKEOFF 69,50,66,87,58,50,65
C MAV_CMD_FIXED_MAG_CAL 35,45,6,71,69,11,10
R [[  1.74344852,-11.99136508,  4.46786261, 10.72109219,  0.72608384,
    6.55826994, -5.89223217, -8.75996714, -9.50159419]]|[[  0.73171675, -6.10347137,  8.78885679,  5.86439191,  8.92295789,
   -6.01207036,-10.62628991, -7.52507304, -1.38300125]]|[[-3.83579617,-5.13594266,-0.18154162,-1.18775444,-0.34652292,-2.6104158 ,
  -1.1636075 , 9.78293921,-4.19638682]]
C MAV_CMD_DO_PARACHUTE 2
P EK3_ALT_M_NSE 7.41550725139
C Flight_Mode 5
