P PILOT_THR_FILT 2
P ATC_RAT_RLL_I 1.375612831
E SIM_WAVE_ENABLE 79.8368261885
R [2.691540811403576, 0.61491703019834, 1.2532988700051058, 2.1778656344113116, 0.5882346080601912, 0.39779414110468375, 0.5569886727655979, -0.43924999307618906, 2.018549510216676]|[2.691540811403576, 0.61491703019834, 1.2532988700051058, 2.1778656344113116, 0.5882346080601912, 0.39779414110468375, 0.5569886727655979, -0.43924999307618906, 2.018549510216676]|[2.691540811403576, 0.61491703019834, 1.2532988700051058, 2.1778656344113116, 0.5882346080601912, 0.39779414110468375, 0.5569886727655979, -0.43924999307618906, 2.018549510216676]|
P MOT_BOOST_SCALE 3
C MAV_CMD_CONDITION_DELAY 14,42,6,95,90,42,14
P ATC_RAT_RLL_IMAX 0
C RC1 1277
P GPS_POS1_Z 0.771628168437
P RNGFND1_POS_Z 2.47130052001
R [2.415727493945809, 0.3244950272985673, 1.0886383818486112, 2.166266181606326, 2.1523712113177718, 1.7429931627439603, 1.9523154537816179, 1.0093124841593966, 0.47993510714729826]|[2.415727493945809, 0.3244950272985673, 1.0886383818486112, 2.166266181606326, 2.1523712113177718, 1.7429931627439603, 1.9523154537816179, 1.0093124841593966, 0.47993510714729826]|[2.415727493945809, 0.3244950272985673, 1.0886383818486112, 2.166266181606326, 2.1523712113177718, 1.7429931627439603, 1.9523154537816179, 1.0093124841593966, 0.47993510714729826]|
R [1.3191317588220302, -0.18793980245505082, 3.218629442702721, 0.15063640458852479, 1.1394063735211697, 0.6411698592544288, 1.0528970940140607, 0.4925269486541257, 2.727967042559625]|[1.3191317588220302, -0.18793980245505082, 3.218629442702721, 0.15063640458852479, 1.1394063735211697, 0.6411698592544288, 1.0528970940140607, 0.4925269486541257, 2.727967042559625]|[1.3191317588220302, -0.18793980245505082, 3.218629442702721, 0.15063640458852479, 1.1394063735211697, 0.6411698592544288, 1.0528970940140607, 0.4925269486541257, 2.727967042559625]|
P AHRS_TRIM_X 0.0850363770707
E SIM_SHOVE_Z 61.5619364454
E SIM_ARSPD2_FAILP 83.8020041985
P ATC_RAT_RLL_FLTT 13
C MAV_CMD_DO_GRIPPER 25,87,86,42,13,17,88
R [0.9299406163662485, -0.42118190656796295, 0.3454892693505559, 0.7524041185770172, 1.2390709786864318, 1.6793735393612268, -0.096036666279118, 0.9558844611506305, 1.6501853227694494]|[0.9299406163662485, -0.42118190656796295, 0.3454892693505559, 0.7524041185770172, 1.2390709786864318, 1.6793735393612268, -0.096036666279118, 0.9558844611506305, 1.6501853227694494]|[0.9299406163662485, -0.42118190656796295, 0.3454892693505559, 0.7524041185770172, 1.2390709786864318, 1.6793735393612268, -0.096036666279118, 0.9558844611506305, 1.6501853227694494]|
P ACRO_RP_EXPO 0.128087782052
R [1.2971479945827227, 1.2575451374155378, 1.6551092710861708, 1.3295470178594588, 2.5043222304218937, 1.0395894321394183, 2.1622768795665195, 1.4424081730490286, 0.5248739643624362]|[1.2971479945827227, 1.2575451374155378, 1.6551092710861708, 1.3295470178594588, 2.5043222304218937, 1.0395894321394183, 2.1622768795665195, 1.4424081730490286, 0.5248739643624362]|[1.2971479945827227, 1.2575451374155378, 1.6551092710861708, 1.3295470178594588, 2.5043222304218937, 1.0395894321394183, 2.1622768795665195, 1.4424081730490286, 0.5248739643624362]|
P ACRO_BAL_ROLL 0
E SIM_TEMP_FLIGHT 75.156247928
C RC4 1762
E SIM_MAG_ALY_Y 56.6777387628
R [-0.11345956909280247, 1.3376720272163853, 1.6022649370806394, 0.49684745372110917, 0.7683955188925319, 2.5820456714925015, 2.100164556256338, 0.8532626325324054, 1.3118937987865213]|[-0.11345956909280247, 1.3376720272163853, 1.6022649370806394, 0.49684745372110917, 0.7683955188925319, 2.5820456714925015, 2.100164556256338, 0.8532626325324054, 1.3118937987865213]|[-0.11345956909280247, 1.3376720272163853, 1.6022649370806394, 0.49684745372110917, 0.7683955188925319, 2.5820456714925015, 2.100164556256338, 0.8532626325324054, 1.3118937987865213]|
P WP_NAVALT_MIN 2
R [-1.002401085454343, 1.1735788776591687, 0.4437791392377335, 0.18542274347066, 1.4501591730855923, 2.0509728900005655, 0.018465912387232497, 0.8568566680199929, 1.0374895085330276]|[-1.002401085454343, 1.1735788776591687, 0.4437791392377335, 0.18542274347066, 1.4501591730855923, 2.0509728900005655, 0.018465912387232497, 0.8568566680199929, 1.0374895085330276]|[-1.002401085454343, 1.1735788776591687, 0.4437791392377335, 0.18542274347066, 1.4501591730855923, 2.0509728900005655, 0.018465912387232497, 0.8568566680199929, 1.0374895085330276]|
P ATC_RAT_RLL_P 0.279655978671
E SIM_TEMP_START 1.5444475246
R [0.5517893164798539, 1.0271346990932473, 1.1748499995965263, 2.542761106329259, -0.14124882430182112, 0.30445771187673915, 1.8311535303625037, 4.027315980846099, 1.3663850821832295]|[0.5517893164798539, 1.0271346990932473, 1.1748499995965263, 2.542761106329259, -0.14124882430182112, 0.30445771187673915, 1.8311535303625037, 4.027315980846099, 1.3663850821832295]|[0.5517893164798539, 1.0271346990932473, 1.1748499995965263, 2.542761106329259, -0.14124882430182112, 0.30445771187673915, 1.8311535303625037, 4.027315980846099, 1.3663850821832295]|
E SIM_VICON_HSTLEN 98.8422534182
R [0.5605069419777877, -0.06418397916713425, -1.6583749231753424, 1.912569216270234, 0.5036305640882124, 1.9851881700618774, 1.5861914744924421, 2.135135594297141, 0.06771515376556725]|[0.5605069419777877, -0.06418397916713425, -1.6583749231753424, 1.912569216270234, 0.5036305640882124, 1.9851881700618774, 1.5861914744924421, 2.135135594297141, 0.06771515376556725]|[0.5605069419777877, -0.06418397916713425, -1.6583749231753424, 1.912569216270234, 0.5036305640882124, 1.9851881700618774, 1.5861914744924421, 2.135135594297141, 0.06771515376556725]|
P PILOT_ACCEL_Z 347
P ATC_RAT_RLL_P 0.19644072951
R [1.4107677186571557, 0.973903534333908, 0.692854115727244, 2.750362898242793, 0.924813458484763, 1.0519845058894526, 0.08434054040635014, 0.5923466336019096, -0.3171760898879481]|[1.4107677186571557, 0.973903534333908, 0.692854115727244, 2.750362898242793, 0.924813458484763, 1.0519845058894526, 0.08434054040635014, 0.5923466336019096, -0.3171760898879481]|[1.4107677186571557, 0.973903534333908, 0.692854115727244, 2.750362898242793, 0.924813458484763, 1.0519845058894526, 0.08434054040635014, 0.5923466336019096, -0.3171760898879481]|
C MAV_CMD_MISSION_START 78,21,27,43,59,74,92
E SIM_MAG_DIA_Y 26.9433827191
R [0.9694119672717184, 0.5933095435143046, 1.5006487091357774, 1.0473675950253731, 0.8929648228698998, 1.3255798553726228, 1.5902035084573805, 1.4357986688068392, 1.3916650926998515]|[0.9694119672717184, 0.5933095435143046, 1.5006487091357774, 1.0473675950253731, 0.8929648228698998, 1.3255798553726228, 1.5902035084573805, 1.4357986688068392, 1.3916650926998515]|[0.9694119672717184, 0.5933095435143046, 1.5006487091357774, 1.0473675950253731, 0.8929648228698998, 1.3255798553726228, 1.5902035084573805, 1.4357986688068392, 1.3916650926998515]|
C MAV_CMD_DO_GRIPPER 25,87,86,42,13,17,88
E SIM_DRIFT_SPEED 87.0614998444
