E SIM_SONAR_POS_X 5.53720299823
E SIM_BARO_GLITCH 85.1507001078
P LAND_ALT_LOW 8940
R [-1.1418776547845895, 0.1781928854306895, 6.227511912415139, 0.12618501324194187, 1.173060240502398, -0.1655112290974573, 1.7058277406244349, 1.4474503607032236, 0.8235469478337109]|[-1.1418776547845895, 0.1781928854306895, 6.227511912415139, 0.12618501324194187, 1.173060240502398, -0.1655112290974573, 1.7058277406244349, 1.4474503607032236, 0.8235469478337109]|[-1.1418776547845895, 0.1781928854306895, 6.227511912415139, 0.12618501324194187, 1.173060240502398, -0.1655112290974573, 1.7058277406244349, 1.4474503607032236, 0.8235469478337109]|
C MAV_CMD_CONDITION_DISTANCE 54,8,99,99,83,21,45
P MOT_SLEW_UP_TIME 0.238189524359
C MAV_CMD_NAV_LOITER_TURNS 80,26,98,10,21,26,90
P WP_NAVALT_MIN 3
C MAV_CMD_POWER_OFF_INITIATED 77,55,19,97,89,83,48
P MOT_SLEW_UP_TIME 0.326617951412
P ATC_RATE_R_MAX 891
E SIM_PLD_YAW 62.0960311873
R [3.007369586088234, 1.5802145472395674, 0.12378474086203184, 1.476190677224414, 1.0022352316755736, -0.02211880962130941, 0.6004563567394613, 1.76060007547368, 2.2588879406725355]|[3.007369586088234, 1.5802145472395674, 0.12378474086203184, 1.476190677224414, 1.0022352316755736, -0.02211880962130941, 0.6004563567394613, 1.76060007547368, 2.2588879406725355]|[3.007369586088234, 1.5802145472395674, 0.12378474086203184, 1.476190677224414, 1.0022352316755736, -0.02211880962130941, 0.6004563567394613, 1.76060007547368, 2.2588879406725355]|
E SIM_BARO_RND 72.558975416
P EK2_ALT_M_NSE 2.53941341034
C MAV_CMD_NAV_LOITER_TURNS 62,11,93,54,49,85,60
E SIM_WIND_DIR_Z 98.3600479872
E SIM_ACC_BIAS_Y 38.9351783658
