R [3.1609745059442904, 3.8316436256809467, 2.3072445644430077, 0.2770117145127896, -1.262310051517053, -0.3462924818704056, 1.3139742672055292, 3.3015123309861303, 2.126641181241495]|[3.1609745059442904, 3.8316436256809467, 2.3072445644430077, 0.2770117145127896, -1.262310051517053, -0.3462924818704056, 1.3139742672055292, 3.3015123309861303, 2.126641181241495]|[3.1609745059442904, 3.8316436256809467, 2.3072445644430077, 0.2770117145127896, -1.262310051517053, -0.3462924818704056, 1.3139742672055292, 3.3015123309861303, 2.126641181241495]|
P EK2_ALT_M_NSE 2.89359354509
R [2.7572222221517544, 1.7841249365036056, 0.6646710819615166, 3.1247380618467626, -0.03998047382239578, 2.532648194914231, 1.9266281185845464, 1.5770015793148202, 2.100439702730064]|[2.7572222221517544, 1.7841249365036056, 0.6646710819615166, 3.1247380618467626, -0.03998047382239578, 2.532648194914231, 1.9266281185845464, 1.5770015793148202, 2.100439702730064]|[2.7572222221517544, 1.7841249365036056, 0.6646710819615166, 3.1247380618467626, -0.03998047382239578, 2.532648194914231, 1.9266281185845464, 1.5770015793148202, 2.100439702730064]|
R [0.9225836889271409, -1.8373546815619237, -1.1504233672088207, -0.33160744216260296, 1.9429479382635733, 2.708733753898417, 1.5348544762882401, 1.449542826936116, 2.4975971023870525]|[0.9225836889271409, -1.8373546815619237, -1.1504233672088207, -0.33160744216260296, 1.9429479382635733, 2.708733753898417, 1.5348544762882401, 1.449542826936116, 2.4975971023870525]|[0.9225836889271409, -1.8373546815619237, -1.1504233672088207, -0.33160744216260296, 1.9429479382635733, 2.708733753898417, 1.5348544762882401, 1.449542826936116, 2.4975971023870525]|
P MOT_SLEW_UP_TIME 0.168892493203
C MAV_CMD_DO_ACCEPT_MAG_CAL 66,27,83,98,64,47,57
R [1.7306147848771403, 0.5257596161898391, 1.1286785768257568, 1.3409832555136592, 2.581891012334677, 2.0264882780197677, 1.6954850849569674, -0.24720727804299936, 2.4448118543400628]|[1.7306147848771403, 0.5257596161898391, 1.1286785768257568, 1.3409832555136592, 2.581891012334677, 2.0264882780197677, 1.6954850849569674, -0.24720727804299936, 2.4448118543400628]|[1.7306147848771403, 0.5257596161898391, 1.1286785768257568, 1.3409832555136592, 2.581891012334677, 2.0264882780197677, 1.6954850849569674, -0.24720727804299936, 2.4448118543400628]|
R [-0.5006932120486585, 1.9210435428147954, 1.302046351520182, 3.030312398943219, 2.9006279587298796, 2.6410158498411684, 1.9388897532015053, 2.0556385935866395, -0.9860617089102593]|[-0.5006932120486585, 1.9210435428147954, 1.302046351520182, 3.030312398943219, 2.9006279587298796, 2.6410158498411684, 1.9388897532015053, 2.0556385935866395, -0.9860617089102593]|[-0.5006932120486585, 1.9210435428147954, 1.302046351520182, 3.030312398943219, 2.9006279587298796, 2.6410158498411684, 1.9388897532015053, 2.0556385935866395, -0.9860617089102593]|
E SIM_SERVO_SPEED 91.0451095725
P EK2_ALT_SOURCE 2
C MAV_CMD_DO_SET_ROI 43,99,83,85,14,4,15
R [0.759620438121232, -0.7495992361310253, 1.4219681834974667, 1.2805694184763081, 1.1668786119064352, 1.229062269246652, 3.1934092620561194, -0.08567227083991913, -0.35396847051184366]|[0.759620438121232, -0.7495992361310253, 1.4219681834974667, 1.2805694184763081, 1.1668786119064352, 1.229062269246652, 3.1934092620561194, -0.08567227083991913, -0.35396847051184366]|[0.759620438121232, -0.7495992361310253, 1.4219681834974667, 1.2805694184763081, 1.1668786119064352, 1.229062269246652, 3.1934092620561194, -0.08567227083991913, -0.35396847051184366]|
P ATC_RAT_RLL_I 0.0668630347768
E SIM_IMU_POS_Y 67.9623728395
R [0.3465070520853145, 1.0944817732816272, 0.8240487451635804, 3.4603259382835443, 2.254853253170569, 0.764257415209151, -0.43645388969169796, 2.014142546831433, 1.8175632016285488]|[0.3465070520853145, 1.0944817732816272, 0.8240487451635804, 3.4603259382835443, 2.254853253170569, 0.764257415209151, -0.43645388969169796, 2.014142546831433, 1.8175632016285488]|[0.3465070520853145, 1.0944817732816272, 0.8240487451635804, 3.4603259382835443, 2.254853253170569, 0.764257415209151, -0.43645388969169796, 2.014142546831433, 1.8175632016285488]|
C MAV_CMD_DO_GUIDED_LIMITS 23,96,51,36,25,46,4
P PILOT_THR_FILT 2
E SIM_ACC_RND 14.3672272001
E SIM_VIB_FREQ_Z 10.3500978009
P ATC_RAT_RLL_IMAX 0
P ATC_THR_MIX_MAX 0.587393213504
C MAV_CMD_CONDITION_YAW 15,12,100,73,98,64,93
R [3.512948923323743, 1.5248566581620362, 1.2635397282004486, 1.1017251211792431, -0.21283762562524666, 0.8867536395251229, -0.13514157664302484, 2.772268853411016, 2.960523063555959]|[3.512948923323743, 1.5248566581620362, 1.2635397282004486, 1.1017251211792431, -0.21283762562524666, 0.8867536395251229, -0.13514157664302484, 2.772268853411016, 2.960523063555959]|[3.512948923323743, 1.5248566581620362, 1.2635397282004486, 1.1017251211792431, -0.21283762562524666, 0.8867536395251229, -0.13514157664302484, 2.772268853411016, 2.960523063555959]|
E SIM_MAG_ALY_Z 76.5008550571
E SIM_BZ_ENABLE 32.7085479459
C MAV_CMD_DO_SET_MODE 47,72,43,76,38,62,94
P MOT_SLEW_DN_TIME 0.0987799405004
R [2.641687122491919, 1.604518402720528, 2.834550680507508, 1.4988067024143048, 0.21628845929095808, 3.8901839370225417, 2.010954983408535, 0.3202189777298588, 0.6000511402734461]|[2.641687122491919, 1.604518402720528, 2.834550680507508, 1.4988067024143048, 0.21628845929095808, 3.8901839370225417, 2.010954983408535, 0.3202189777298588, 0.6000511402734461]|[2.641687122491919, 1.604518402720528, 2.834550680507508, 1.4988067024143048, 0.21628845929095808, 3.8901839370225417, 2.010954983408535, 0.3202189777298588, 0.6000511402734461]|
C MAV_CMD_SOLO_BTN_FLY_CLICK 53,21,17,67,15,10,32
R [1.4901709729180714, 1.252775510903814, 3.625423456891283, 1.2205299928360118, 5.572839737937246, 1.370086795923482, 0.7080638929876136, 0.43388078740502156, 1.8958201410652273]|[1.4901709729180714, 1.252775510903814, 3.625423456891283, 1.2205299928360118, 5.572839737937246, 1.370086795923482, 0.7080638929876136, 0.43388078740502156, 1.8958201410652273]|[1.4901709729180714, 1.252775510903814, 3.625423456891283, 1.2205299928360118, 5.572839737937246, 1.370086795923482, 0.7080638929876136, 0.43388078740502156, 1.8958201410652273]|
E SIM_ARSPD_FAIL_P 67.5232795375
E SIM_SPR_ENABLE 8.55127887796
P ATC_THR_MIX_MIN 0.203128900479
P MOT_BOOST_SCALE 0
R [-0.5800198353972771, -0.2597710010209275, 3.283253255894683, 0.0052056804764554765, -1.0410530048452777, 0.5326385498546045, 1.5687348752344512, 0.7829258573079415, 1.3466049862868377]|[-0.5800198353972771, -0.2597710010209275, 3.283253255894683, 0.0052056804764554765, -1.0410530048452777, 0.5326385498546045, 1.5687348752344512, 0.7829258573079415, 1.3466049862868377]|[-0.5800198353972771, -0.2597710010209275, 3.283253255894683, 0.0052056804764554765, -1.0410530048452777, 0.5326385498546045, 1.5687348752344512, 0.7829258573079415, 1.3466049862868377]|
C MAV_CMD_NAV_LOITER_TURNS 3,68,55,4,72,62,50
R [3.270623731315765, 1.399249291420308, 0.9750584911367732, 1.2807724153536113, 2.040988977990991, 1.9578775016287069, 1.1376862392194669, -1.014965542471277, -1.61419186056383]|[3.270623731315765, 1.399249291420308, 0.9750584911367732, 1.2807724153536113, 2.040988977990991, 1.9578775016287069, 1.1376862392194669, -1.014965542471277, -1.61419186056383]|[3.270623731315765, 1.399249291420308, 0.9750584911367732, 1.2807724153536113, 2.040988977990991, 1.9578775016287069, 1.1376862392194669, -1.014965542471277, -1.61419186056383]|
P GND_ALT_OFFSET 8103
C MAV_CMD_DO_PAUSE_CONTINUE 36,81,24,31,14,31,13
R [2.357762929758544, 1.2266647005390223, 1.5102478354505662, 3.7087998194457037, -1.8888066771283785, 1.2079307820737224, 0.8260885857496292, 1.3750728017724834, 2.80788229170788]|[2.357762929758544, 1.2266647005390223, 1.5102478354505662, 3.7087998194457037, -1.8888066771283785, 1.2079307820737224, 0.8260885857496292, 1.3750728017724834, 2.80788229170788]|[2.357762929758544, 1.2266647005390223, 1.5102478354505662, 3.7087998194457037, -1.8888066771283785, 1.2079307820737224, 0.8260885857496292, 1.3750728017724834, 2.80788229170788]|
E SIM_FLOAT_EXCEPT 18.9104558753
P PILOT_TKOFF_ALT 936
E SIM_ACCEL_FAIL 96.586581018
R [0.8400734894160103, 0.15966339762629228, 1.646991875398251, -1.5170001217361184, 2.7562572026572534, 0.5573941825881806, 0.17658199203678226, 0.7692316182333827, 0.9776659359911309]|[0.8400734894160103, 0.15966339762629228, 1.646991875398251, -1.5170001217361184, 2.7562572026572534, 0.5573941825881806, 0.17658199203678226, 0.7692316182333827, 0.9776659359911309]|[0.8400734894160103, 0.15966339762629228, 1.646991875398251, -1.5170001217361184, 2.7562572026572534, 0.5573941825881806, 0.17658199203678226, 0.7692316182333827, 0.9776659359911309]|
P ATC_RATE_R_MAX 96
C MAV_CMD_DO_JUMP 11,2,74,40,59,76,21
R [1.7395579138556387, 2.4762966847554644, -0.8659220000845467, 0.32009985671095226, 1.7475556370801377, 0.7526716765997139, 0.618205190399919, 1.79965452389609, 0.21589122879669653]|[1.7395579138556387, 2.4762966847554644, -0.8659220000845467, 0.32009985671095226, 1.7475556370801377, 0.7526716765997139, 0.618205190399919, 1.79965452389609, 0.21589122879669653]|[1.7395579138556387, 2.4762966847554644, -0.8659220000845467, 0.32009985671095226, 1.7475556370801377, 0.7526716765997139, 0.618205190399919, 1.79965452389609, 0.21589122879669653]|
R [-0.18847851437156182, 1.6044587544405333, 0.32553477556496013, 1.6845192114662149, 1.4889568479770885, 1.0439570857069973, 1.1786013043853587, 1.9793943404693097, 1.4931592393727973]|[-0.18847851437156182, 1.6044587544405333, 0.32553477556496013, 1.6845192114662149, 1.4889568479770885, 1.0439570857069973, 1.1786013043853587, 1.9793943404693097, 1.4931592393727973]|[-0.18847851437156182, 1.6044587544405333, 0.32553477556496013, 1.6845192114662149, 1.4889568479770885, 1.0439570857069973, 1.1786013043853587, 1.9793943404693097, 1.4931592393727973]|
R [1.1571288263023602, 1.737949909754238, 0.13559613034064494, 0.6051614194311713, 1.3773181569655608, 1.8772831641492438, -0.5426889431554756, 2.1797872303370722, 1.9861570906263566]|[1.1571288263023602, 1.737949909754238, 0.13559613034064494, 0.6051614194311713, 1.3773181569655608, 1.8772831641492438, -0.5426889431554756, 2.1797872303370722, 1.9861570906263566]|[1.1571288263023602, 1.737949909754238, 0.13559613034064494, 0.6051614194311713, 1.3773181569655608, 1.8772831641492438, -0.5426889431554756, 2.1797872303370722, 1.9861570906263566]|
C MAV_CMD_DO_SET_HOME 58,27,36,71,93,43,38
C MAV_CMD_FIXED_MAG_CAL 61,94,40,78,8,95,1
R [-0.5360645530453094, 2.1530508545871783, -0.4197423524105527, 1.5685137976941466, -1.018220252144278, -0.4607016188514964, 2.171859791130545, 1.6200793192850633, 1.1772006276940226]|[-0.5360645530453094, 2.1530508545871783, -0.4197423524105527, 1.5685137976941466, -1.018220252144278, -0.4607016188514964, 2.171859791130545, 1.6200793192850633, 1.1772006276940226]|[-0.5360645530453094, 2.1530508545871783, -0.4197423524105527, 1.5685137976941466, -1.018220252144278, -0.4607016188514964, 2.171859791130545, 1.6200793192850633, 1.1772006276940226]|
C MAV_CMD_MISSION_START 17,76,67,51,84,38,58
C MAV_CMD_NAV_LOITER_TURNS 42,72,12,12,52,12,38
R [-0.21125402094042733, -0.4548409917432916, 3.331843272220397, -0.2734591366948674, 1.0099302762398248, 1.5326494425355572, 0.8061002199707221, 1.369009796754665, 2.537016438197725]|[-0.21125402094042733, -0.4548409917432916, 3.331843272220397, -0.2734591366948674, 1.0099302762398248, 1.5326494425355572, 0.8061002199707221, 1.369009796754665, 2.537016438197725]|[-0.21125402094042733, -0.4548409917432916, 3.331843272220397, -0.2734591366948674, 1.0099302762398248, 1.5326494425355572, 0.8061002199707221, 1.369009796754665, 2.537016438197725]|
C MAV_CMD_DO_START_MAG_CAL 35,49,77,11,47,47,37
E SIM_BZ_PIN 10.6180376551
E SIM_ADSB_ALT 27.0198919304
R [-1.1522149917763875, 0.8418019490339186, 0.06133939356984475, 1.1645814097415113, 2.084198622089153, 1.6587680597955232, 1.0115812871198486, -0.1348301477456424, 3.210640704234611]|[-1.1522149917763875, 0.8418019490339186, 0.06133939356984475, 1.1645814097415113, 2.084198622089153, 1.6587680597955232, 1.0115812871198486, -0.1348301477456424, 3.210640704234611]|[-1.1522149917763875, 0.8418019490339186, 0.06133939356984475, 1.1645814097415113, 2.084198622089153, 1.6587680597955232, 1.0115812871198486, -0.1348301477456424, 3.210640704234611]|
P PILOT_ACCEL_Z 415
P PSC_POSZ_P 1
P AHRS_TRIM_X 0.0350067460434
C MAV_CMD_DO_MOUNT_CONTROL 75,100,78,20,2,27,29
P GND_ALT_OFFSET 7473
