R [0.5229575427942292, 1.5827837287514936, 0.14340137138341585, 0.8671547599362877, 0.06467039522113416, 1.3208168893386065, 0.22641802452149656, 2.2532418856445533, 2.990107568683354]|[0.5229575427942292, 1.5827837287514936, 0.14340137138341585, 0.8671547599362877, 0.06467039522113416, 1.3208168893386065, 0.22641802452149656, 2.2532418856445533, 2.990107568683354]|[0.5229575427942292, 1.5827837287514936, 0.14340137138341585, 0.8671547599362877, 0.06467039522113416, 1.3208168893386065, 0.22641802452149656, 2.2532418856445533, 2.990107568683354]|
P ATC_RAT_RLL_IMAX 0
R [1.140676123677925, 2.1055047467178882, 1.6015501563976287, 2.6078628487271667, 0.6726239516523074, 0.6300897314248101, 0.6644666231943037, 1.5194474474135498, 1.137720508740412]|[1.140676123677925, 2.1055047467178882, 1.6015501563976287, 2.6078628487271667, 0.6726239516523074, 0.6300897314248101, 0.6644666231943037, 1.5194474474135498, 1.137720508740412]|[1.140676123677925, 2.1055047467178882, 1.6015501563976287, 2.6078628487271667, 0.6726239516523074, 0.6300897314248101, 0.6644666231943037, 1.5194474474135498, 1.137720508740412]|
R [1.9506741102594543, 2.5725286330167934, 0.7767093392482205, 4.0693253926743855, 1.104315846158023, 1.9937849350103392, 2.645389451105576, 3.0886968268898602, 1.8424777721924186]|[1.9506741102594543, 2.5725286330167934, 0.7767093392482205, 4.0693253926743855, 1.104315846158023, 1.9937849350103392, 2.645389451105576, 3.0886968268898602, 1.8424777721924186]|[1.9506741102594543, 2.5725286330167934, 0.7767093392482205, 4.0693253926743855, 1.104315846158023, 1.9937849350103392, 2.645389451105576, 3.0886968268898602, 1.8424777721924186]|
C MAV_CMD_NAV_TAKEOFF 86,97,66,80,77,86,35
R [1.8104924700883624, 2.083112218826715, 0.6822515895500849, 1.2331013904386743, 2.5581653112032052, 1.9363172948086342, 2.2605392596550518, 0.7878631497665187, 0.8043294882183107]|[1.8104924700883624, 2.083112218826715, 0.6822515895500849, 1.2331013904386743, 2.5581653112032052, 1.9363172948086342, 2.2605392596550518, 0.7878631497665187, 0.8043294882183107]|[1.8104924700883624, 2.083112218826715, 0.6822515895500849, 1.2331013904386743, 2.5581653112032052, 1.9363172948086342, 2.2605392596550518, 0.7878631497665187, 0.8043294882183107]|
R [0.27733692930395776, 2.692084586072526, 0.640321496563866, 0.6514639714101523, 1.9586902718968036, 0.22828396501290638, 0.8921082660653928, 3.390212612054116, -0.6542999957541892]|[0.27733692930395776, 2.692084586072526, 0.640321496563866, 0.6514639714101523, 1.9586902718968036, 0.22828396501290638, 0.8921082660653928, 3.390212612054116, -0.6542999957541892]|[0.27733692930395776, 2.692084586072526, 0.640321496563866, 0.6514639714101523, 1.9586902718968036, 0.22828396501290638, 0.8921082660653928, 3.390212612054116, -0.6542999957541892]|
R [2.0779282010968085, 1.0140179295742542, 0.5255417245670414, 1.3916664230336868, 2.4745718943050137, 0.8447605198057354, 0.9265385343247392, 2.8612448152681287, 2.4204787701962545]|[2.0779282010968085, 1.0140179295742542, 0.5255417245670414, 1.3916664230336868, 2.4745718943050137, 0.8447605198057354, 0.9265385343247392, 2.8612448152681287, 2.4204787701962545]|[2.0779282010968085, 1.0140179295742542, 0.5255417245670414, 1.3916664230336868, 2.4745718943050137, 0.8447605198057354, 0.9265385343247392, 2.8612448152681287, 2.4204787701962545]|
P LAND_ALT_LOW 5357
C MAV_CMD_DO_GUIDED_LIMITS 61,29,88,62,91,6,81
R [1.7810056506173217, 0.7500757708405462, 0.6432176888448673, 3.1146363030622704, 0.9294319313310138, 2.7144700899847685, 0.039745663109429286, 0.8578119731254323, 0.7634004758228553]|[1.7810056506173217, 0.7500757708405462, 0.6432176888448673, 3.1146363030622704, 0.9294319313310138, 2.7144700899847685, 0.039745663109429286, 0.8578119731254323, 0.7634004758228553]|[1.7810056506173217, 0.7500757708405462, 0.6432176888448673, 3.1146363030622704, 0.9294319313310138, 2.7144700899847685, 0.039745663109429286, 0.8578119731254323, 0.7634004758228553]|
C MAV_CMD_DO_PARACHUTE 2
R [0.10726001011819436, 1.4561447403696604, 2.8932100768220996, 0.9142787905177774, 1.8888774511573505, -0.014078527141821895, -0.27374563491669235, 1.868873852631076, 0.4197007549919432]|[0.10726001011819436, 1.4561447403696604, 2.8932100768220996, 0.9142787905177774, 1.8888774511573505, -0.014078527141821895, -0.27374563491669235, 1.868873852631076, 0.4197007549919432]|[0.10726001011819436, 1.4561447403696604, 2.8932100768220996, 0.9142787905177774, 1.8888774511573505, -0.014078527141821895, -0.27374563491669235, 1.868873852631076, 0.4197007549919432]|
E SIM_TIDE_SPEED 5.35863098302
E SIM_PLD_LON 76.2054169371
C MAV_CMD_DO_SET_CAM_TRIGG_DIST 54,1,66,53,69,73,50
R [1.1104157580775413, 1.3527021026920443, -0.3108450639585325, -0.09189022795945545, 0.6562700198971185, 0.19373037416467626, -1.2610390253082029, 1.6536639195093785, 0.41714780656570716]|[1.1104157580775413, 1.3527021026920443, -0.3108450639585325, -0.09189022795945545, 0.6562700198971185, 0.19373037416467626, -1.2610390253082029, 1.6536639195093785, 0.41714780656570716]|[1.1104157580775413, 1.3527021026920443, -0.3108450639585325, -0.09189022795945545, 0.6562700198971185, 0.19373037416467626, -1.2610390253082029, 1.6536639195093785, 0.41714780656570716]|
R [2.3324382661029452, 0.5230691073087704, 0.8852181779449138, 0.6647807855734524, -1.2430456102081076, 2.5466230503350786, -1.0101667216913515, 0.5495936711997421, 0.6805832067350062]|[2.3324382661029452, 0.5230691073087704, 0.8852181779449138, 0.6647807855734524, -1.2430456102081076, 2.5466230503350786, -1.0101667216913515, 0.5495936711997421, 0.6805832067350062]|[2.3324382661029452, 0.5230691073087704, 0.8852181779449138, 0.6647807855734524, -1.2430456102081076, 2.5466230503350786, -1.0101667216913515, 0.5495936711997421, 0.6805832067350062]|
R [0.5961768241098796, 0.9287129831563017, 1.9145172759270839, 0.7754616614566795, 1.9463604646729407, -0.3515633284241899, 1.0427217671458069, 1.7086728506090723, -0.5009290508288673]|[0.5961768241098796, 0.9287129831563017, 1.9145172759270839, 0.7754616614566795, 1.9463604646729407, -0.3515633284241899, 1.0427217671458069, 1.7086728506090723, -0.5009290508288673]|[0.5961768241098796, 0.9287129831563017, 1.9145172759270839, 0.7754616614566795, 1.9463604646729407, -0.3515633284241899, 1.0427217671458069, 1.7086728506090723, -0.5009290508288673]|
R [1.8642141416577909, 2.6349265814329823, 2.0311408437320853, -0.2658722630679647, 0.13859157911760317, 0.6236574243426924, 0.9411424186787458, 2.120841608897157, 2.154625172763785]|[1.8642141416577909, 2.6349265814329823, 2.0311408437320853, -0.2658722630679647, 0.13859157911760317, 0.6236574243426924, 0.9411424186787458, 2.120841608897157, 2.154625172763785]|[1.8642141416577909, 2.6349265814329823, 2.0311408437320853, -0.2658722630679647, 0.13859157911760317, 0.6236574243426924, 0.9411424186787458, 2.120841608897157, 2.154625172763785]|
R [-0.03826657899043795, -0.6057968843248204, 0.9300319186917432, 4.046174120932123, 1.388331277512949, -0.6267489146533404, 2.278895026570197, 0.9203991304338924, 2.038148305348288]|[-0.03826657899043795, -0.6057968843248204, 0.9300319186917432, 4.046174120932123, 1.388331277512949, -0.6267489146533404, 2.278895026570197, 0.9203991304338924, 2.038148305348288]|[-0.03826657899043795, -0.6057968843248204, 0.9300319186917432, 4.046174120932123, 1.388331277512949, -0.6267489146533404, 2.278895026570197, 0.9203991304338924, 2.038148305348288]|
P ACRO_RP_P 9
R [1.2013058108177261, -0.9423135883657314, 2.073957382648125, 3.1819102209749017, -0.6762183965351171, 1.1819416690751212, -0.28506535979420444, 0.2722152548508189, 1.0359688981108945]|[1.2013058108177261, -0.9423135883657314, 2.073957382648125, 3.1819102209749017, -0.6762183965351171, 1.1819416690751212, -0.28506535979420444, 0.2722152548508189, 1.0359688981108945]|[1.2013058108177261, -0.9423135883657314, 2.073957382648125, 3.1819102209749017, -0.6762183965351171, 1.1819416690751212, -0.28506535979420444, 0.2722152548508189, 1.0359688981108945]|
R [-0.5726880018934156, 1.66719735818923, -0.7208369378620579, 1.4803833161808932, 0.5704414367909835, 2.178996057321206, 0.49494557557007457, 1.9266113520096346, 0.05144518406005366]|[-0.5726880018934156, 1.66719735818923, -0.7208369378620579, 1.4803833161808932, 0.5704414367909835, 2.178996057321206, 0.49494557557007457, 1.9266113520096346, 0.05144518406005366]|[-0.5726880018934156, 1.66719735818923, -0.7208369378620579, 1.4803833161808932, 0.5704414367909835, 2.178996057321206, 0.49494557557007457, 1.9266113520096346, 0.05144518406005366]|
R [0.282461380760357, 2.0440812338012115, -1.0361346242916118, 0.9849905189203024, 2.1771673513888086, 1.9153060427004727, 2.510044803954298, -0.48904112902143404, 1.9848932172505296]|[0.282461380760357, 2.0440812338012115, -1.0361346242916118, 0.9849905189203024, 2.1771673513888086, 1.9153060427004727, 2.510044803954298, -0.48904112902143404, 1.9848932172505296]|[0.282461380760357, 2.0440812338012115, -1.0361346242916118, 0.9849905189203024, 2.1771673513888086, 1.9153060427004727, 2.510044803954298, -0.48904112902143404, 1.9848932172505296]|
R [2.148222444867587, 1.5397687298334108, -0.044974357569252776, 2.4874236342611624, 1.9415559928514587, 1.4392263629179864, -0.0745264874765717, 1.8364168638560325, 0.9968844866996118]|[2.148222444867587, 1.5397687298334108, -0.044974357569252776, 2.4874236342611624, 1.9415559928514587, 1.4392263629179864, -0.0745264874765717, 1.8364168638560325, 0.9968844866996118]|[2.148222444867587, 1.5397687298334108, -0.044974357569252776, 2.4874236342611624, 1.9415559928514587, 1.4392263629179864, -0.0745264874765717, 1.8364168638560325, 0.9968844866996118]|
R [1.8554283658695687, 2.1996040160581853, -1.2390712584274162, 0.3540486923896378, -0.9890238848308944, 4.1986225125066055, 0.1457432486989459, 0.9334750417968669, 2.3154774001137786]|[1.8554283658695687, 2.1996040160581853, -1.2390712584274162, 0.3540486923896378, -0.9890238848308944, 4.1986225125066055, 0.1457432486989459, 0.9334750417968669, 2.3154774001137786]|[1.8554283658695687, 2.1996040160581853, -1.2390712584274162, 0.3540486923896378, -0.9890238848308944, 4.1986225125066055, 0.1457432486989459, 0.9334750417968669, 2.3154774001137786]|
C MAV_CMD_DO_PAUSE_CONTINUE 50,88,61,85,83,93,10
P ATC_RAT_RLL_P 0.349758735658
E SIM_FLOAT_EXCEPT 27.0289034684
P PILOT_THR_FILT 3.0
R [1.7107909089480344, -2.1201436587148046, 2.9895985625575423, 3.0180107011534294, 0.44823340307109655, 1.3402638015701749, 0.7956275951485106, 1.1594382593747454, 1.5697969654050583]|[1.7107909089480344, -2.1201436587148046, 2.9895985625575423, 3.0180107011534294, 0.44823340307109655, 1.3402638015701749, 0.7956275951485106, 1.1594382593747454, 1.5697969654050583]|[1.7107909089480344, -2.1201436587148046, 2.9895985625575423, 3.0180107011534294, 0.44823340307109655, 1.3402638015701749, 0.7956275951485106, 1.1594382593747454, 1.5697969654050583]|
R [1.8529356211228007, 0.4690108228819611, 3.600855166361217, 2.5211333170837946, 1.9901670425665512, 2.05307511608574, 0.8882011987489098, 1.298742554071807, 2.5748420798167575]|[1.8529356211228007, 0.4690108228819611, 3.600855166361217, 2.5211333170837946, 1.9901670425665512, 2.05307511608574, 0.8882011987489098, 1.298742554071807, 2.5748420798167575]|[1.8529356211228007, 0.4690108228819611, 3.600855166361217, 2.5211333170837946, 1.9901670425665512, 2.05307511608574, 0.8882011987489098, 1.298742554071807, 2.5748420798167575]|
R [0.7138164365037251, -0.17314209895046762, 1.203341105342718, 0.35506788629466357, -0.06470572746742054, 0.6212848843109001, 0.5974158158958044, 1.9357294022280738, 1.8325520737561865]|[0.7138164365037251, -0.17314209895046762, 1.203341105342718, 0.35506788629466357, -0.06470572746742054, 0.6212848843109001, 0.5974158158958044, 1.9357294022280738, 1.8325520737561865]|[0.7138164365037251, -0.17314209895046762, 1.203341105342718, 0.35506788629466357, -0.06470572746742054, 0.6212848843109001, 0.5974158158958044, 1.9357294022280738, 1.8325520737561865]|
P ATC_RAT_RLL_I 0.2963968341
P EK3_ALT_SOURCE 0
C MAV_CMD_DO_DIGICAM_CONFIGURE 21,16,64,88,90,53,88
P ATC_RAT_RLL_P 0.307950317143
E SIM_PLD_YAW 95.4521142668
C MAV_CMD_CONDITION_DELAY 2,15,60,11,23,88,59
R [2.1875366304957655, 0.10677986468772338, 1.1692971697865007, 3.614574729113112, -0.29799836921968437, -0.48622931386857493, 1.805803815333451, -0.47107695980452025, -1.1898158128274718]|[2.1875366304957655, 0.10677986468772338, 1.1692971697865007, 3.614574729113112, -0.29799836921968437, -0.48622931386857493, 1.805803815333451, -0.47107695980452025, -1.1898158128274718]|[2.1875366304957655, 0.10677986468772338, 1.1692971697865007, 3.614574729113112, -0.29799836921968437, -0.48622931386857493, 1.805803815333451, -0.47107695980452025, -1.1898158128274718]|
R [0.45257581438032846, 3.072436034717382, 2.1769555899860484, 1.2803232493668293, -0.8284126363794808, 0.8551408451027473, 0.49720458765163145, 0.7073899937756629, 0.44682764601072994]|[0.45257581438032846, 3.072436034717382, 2.1769555899860484, 1.2803232493668293, -0.8284126363794808, 0.8551408451027473, 0.49720458765163145, 0.7073899937756629, 0.44682764601072994]|[0.45257581438032846, 3.072436034717382, 2.1769555899860484, 1.2803232493668293, -0.8284126363794808, 0.8551408451027473, 0.49720458765163145, 0.7073899937756629, 0.44682764601072994]|
E SIM_SERVO_SPEED 11.6134215711
C MAV_CMD_NAV_RETURN_TO_LAUNCH 13,65,4,72,45,100,65
