R [[6.6227468578914745, 0.767410523410553, 9.453078637590837, 10.990224321910281, 1.526581655004056, 6.279685837395182, 6.198496775323333, 6.331168817701057, 3.090094433800957]]|[[6.6227468578914745, 0.767410523410553, 9.453078637590837, 10.990224321910281, 1.526581655004056, 6.279685837395182, 6.198496775323333, 6.331168817701057, 3.090094433800957]]|[[6.6227468578914745, 0.767410523410553, 9.453078637590837, 10.990224321910281, 1.526581655004056, 6.279685837395182, 6.198496775323333, 6.331168817701057, 3.090094433800957]]
R [[4.272094921915406, 9.869879005363146, 4.2981690158912755, 7.102323509048516, 5.1943356770033065, 3.49582755607256, 11.653310734081671, 8.611432538583422, 5.313879924426294]]|[[4.272094921915406, 9.869879005363146, 4.2981690158912755, 7.102323509048516, 5.1943356770033065, 3.49582755607256, 11.653310734081671, 8.611432538583422, 5.313879924426294]]|[[4.272094921915406, 9.869879005363146, 4.2981690158912755, 7.102323509048516, 5.1943356770033065, 3.49582755607256, 11.653310734081671, 8.611432538583422, 5.313879924426294]]
R [[2.477834007275516, 0.7932975896329126, 7.15934746899598, 6.008427960374561, 9.871649828365062, 7.152651561949655, 1.604874414840634, 7.951931578605338, 0.5548382913595127]]|[[2.477834007275516, 0.7932975896329126, 7.15934746899598, 6.008427960374561, 9.871649828365062, 7.152651561949655, 1.604874414840634, 7.951931578605338, 0.5548382913595127]]|[[2.477834007275516, 0.7932975896329126, 7.15934746899598, 6.008427960374561, 9.871649828365062, 7.152651561949655, 1.604874414840634, 7.951931578605338, 0.5548382913595127]]
R [[11.896806921166956, 10.377600780349704, 1.5174881937602622, 8.074332569105978, 7.003753255412846, 2.1959666109133638, 3.3644095871696473, 1.7334785968305355, 7.80137303152423]]|[[11.896806921166956, 10.377600780349704, 1.5174881937602622, 8.074332569105978, 7.003753255412846, 2.1959666109133638, 3.3644095871696473, 1.7334785968305355, 7.80137303152423]]|[[11.896806921166956, 10.377600780349704, 1.5174881937602622, 8.074332569105978, 7.003753255412846, 2.1959666109133638, 3.3644095871696473, 1.7334785968305355, 7.80137303152423]]
R [[9.790420684966838, 4.974307757403626, 11.930831542794197, 5.473203594144689, 4.814625709318797, 11.283819920489947, 3.2367204466828, 8.591511065082717, 1.318061704688596]]|[[9.790420684966838, 4.974307757403626, 11.930831542794197, 5.473203594144689, 4.814625709318797, 11.283819920489947, 3.2367204466828, 8.591511065082717, 1.318061704688596]]|[[9.790420684966838, 4.974307757403626, 11.930831542794197, 5.473203594144689, 4.814625709318797, 11.283819920489947, 3.2367204466828, 8.591511065082717, 1.318061704688596]]
R [[8.38231043499082, 11.16175033936905, 8.99933219975666, 0.41521153520209575, 10.814892980480245, 0.004635094669029005, 0.3075546586614757, 6.729092228741685, 8.643867629811117]]|[[8.38231043499082, 11.16175033936905, 8.99933219975666, 0.41521153520209575, 10.814892980480245, 0.004635094669029005, 0.3075546586614757, 6.729092228741685, 8.643867629811117]]|[[8.38231043499082, 11.16175033936905, 8.99933219975666, 0.41521153520209575, 10.814892980480245, 0.004635094669029005, 0.3075546586614757, 6.729092228741685, 8.643867629811117]]
R [[10.709061395223134, 8.962783144724778, 0.07524234784354489, 1.163384781898265, 9.75561864087167, 8.888081978860857, 1.851484699331479, 3.063473872401689, 11.77042109335732]]|[[10.709061395223134, 8.962783144724778, 0.07524234784354489, 1.163384781898265, 9.75561864087167, 8.888081978860857, 1.851484699331479, 3.063473872401689, 11.77042109335732]]|[[10.709061395223134, 8.962783144724778, 0.07524234784354489, 1.163384781898265, 9.75561864087167, 8.888081978860857, 1.851484699331479, 3.063473872401689, 11.77042109335732]]
R [[9.600104184299784, 5.773031649771617, 8.631645160099724, 11.956456399509085, 8.582843571306114, 5.645462788535411, 11.745822104513115, 11.829991223593115, 0.16892324766672973]]|[[9.600104184299784, 5.773031649771617, 8.631645160099724, 11.956456399509085, 8.582843571306114, 5.645462788535411, 11.745822104513115, 11.829991223593115, 0.16892324766672973]]|[[9.600104184299784, 5.773031649771617, 8.631645160099724, 11.956456399509085, 8.582843571306114, 5.645462788535411, 11.745822104513115, 11.829991223593115, 0.16892324766672973]]
R [[4.141718951440282, 8.432553407994892, 9.486179825440004, 1.3054015778430204, 4.92442653641877, 9.696242606046226, 7.211635349491852, 8.101192770490076, 0.16319495702789144]]|[[4.141718951440282, 8.432553407994892, 9.486179825440004, 1.3054015778430204, 4.92442653641877, 9.696242606046226, 7.211635349491852, 8.101192770490076, 0.16319495702789144]]|[[4.141718951440282, 8.432553407994892, 9.486179825440004, 1.3054015778430204, 4.92442653641877, 9.696242606046226, 7.211635349491852, 8.101192770490076, 0.16319495702789144]]
R [[11.962591946366272, 7.741814702965872, 0.3386475307188048, 4.821689268770652, 5.235496093003375, 10.969259331035285, 4.469187825053396, 11.451846086934404, 8.505389679313314]]|[[11.962591946366272, 7.741814702965872, 0.3386475307188048, 4.821689268770652, 5.235496093003375, 10.969259331035285, 4.469187825053396, 11.451846086934404, 8.505389679313314]]|[[11.962591946366272, 7.741814702965872, 0.3386475307188048, 4.821689268770652, 5.235496093003375, 10.969259331035285, 4.469187825053396, 11.451846086934404, 8.505389679313314]]
R [[2.7703879281525396, 3.7613769408490287, 10.67349159882566, 7.789670482167837, 11.358804082963875, 0.23198834479349317, 6.1882960895875865, 4.175291948699114, 8.974715743239077]]|[[2.7703879281525396, 3.7613769408490287, 10.67349159882566, 7.789670482167837, 11.358804082963875, 0.23198834479349317, 6.1882960895875865, 4.175291948699114, 8.974715743239077]]|[[2.7703879281525396, 3.7613769408490287, 10.67349159882566, 7.789670482167837, 11.358804082963875, 0.23198834479349317, 6.1882960895875865, 4.175291948699114, 8.974715743239077]]
R [[3.544996740750347, 7.279247189205883, 10.978529387169687, 7.94635709575439, 9.83957903176013, 6.417806426046726, 1.447423958480356, 10.920028640483535, 3.6056482709212814]]|[[3.544996740750347, 7.279247189205883, 10.978529387169687, 7.94635709575439, 9.83957903176013, 6.417806426046726, 1.447423958480356, 10.920028640483535, 3.6056482709212814]]|[[3.544996740750347, 7.279247189205883, 10.978529387169687, 7.94635709575439, 9.83957903176013, 6.417806426046726, 1.447423958480356, 10.920028640483535, 3.6056482709212814]]
R [[0.3814863437022993, 6.526549151609759, 1.9249580378773712, 9.888968801351146, 1.9466933934707997, 5.921603322560174, 9.545014126824412, 5.396339158618352, 2.543290422270026]]|[[0.3814863437022993, 6.526549151609759, 1.9249580378773712, 9.888968801351146, 1.9466933934707997, 5.921603322560174, 9.545014126824412, 5.396339158618352, 2.543290422270026]]|[[0.3814863437022993, 6.526549151609759, 1.9249580378773712, 9.888968801351146, 1.9466933934707997, 5.921603322560174, 9.545014126824412, 5.396339158618352, 2.543290422270026]]
R [[4.531860888101873, 10.240481347869805, 9.93551670265525, 7.685378243889858, 8.419662827274358, 2.5044597871149574, 6.352220011376212, 1.7107979000477127, 0.3177924763013835]]|[[4.531860888101873, 10.240481347869805, 9.93551670265525, 7.685378243889858, 8.419662827274358, 2.5044597871149574, 6.352220011376212, 1.7107979000477127, 0.3177924763013835]]|[[4.531860888101873, 10.240481347869805, 9.93551670265525, 7.685378243889858, 8.419662827274358, 2.5044597871149574, 6.352220011376212, 1.7107979000477127, 0.3177924763013835]]
R [[4.079591842199809, 10.127580844738223, 4.749979271879742, 6.029468376572328, 6.874008229749066, 2.6230148300898097, 0.20861144338895077, 10.223989768101822, 2.9166119347364696]]|[[4.079591842199809, 10.127580844738223, 4.749979271879742, 6.029468376572328, 6.874008229749066, 2.6230148300898097, 0.20861144338895077, 10.223989768101822, 2.9166119347364696]]|[[4.079591842199809, 10.127580844738223, 4.749979271879742, 6.029468376572328, 6.874008229749066, 2.6230148300898097, 0.20861144338895077, 10.223989768101822, 2.9166119347364696]]
R [[8.740283189049222, 10.33627025695095, 5.840335712718883, 11.234620692748415, 7.6761082259508395, 0.48143679266729045, 8.207937669786645, 9.82380180913327, 3.6641853559917155]]|[[8.740283189049222, 10.33627025695095, 5.840335712718883, 11.234620692748415, 7.6761082259508395, 0.48143679266729045, 8.207937669786645, 9.82380180913327, 3.6641853559917155]]|[[8.740283189049222, 10.33627025695095, 5.840335712718883, 11.234620692748415, 7.6761082259508395, 0.48143679266729045, 8.207937669786645, 9.82380180913327, 3.6641853559917155]]
R [[2.1377206092886167, 1.1991715663272502, 4.911450749023109, 8.005092859357, 10.416519678087106, 9.192588336770932, 6.109975289238444, 4.3486758581925695, 10.311240910457748]]|[[2.1377206092886167, 1.1991715663272502, 4.911450749023109, 8.005092859357, 10.416519678087106, 9.192588336770932, 6.109975289238444, 4.3486758581925695, 10.311240910457748]]|[[2.1377206092886167, 1.1991715663272502, 4.911450749023109, 8.005092859357, 10.416519678087106, 9.192588336770932, 6.109975289238444, 4.3486758581925695, 10.311240910457748]]
R [[5.816495445065919, 8.913379542407117, 2.1673805908348247, 10.1266289255794, 0.6901333019825002, 11.261159854529707, 9.103998478240328, 9.90624646864317, 9.641220354522194]]|[[5.816495445065919, 8.913379542407117, 2.1673805908348247, 10.1266289255794, 0.6901333019825002, 11.261159854529707, 9.103998478240328, 9.90624646864317, 9.641220354522194]]|[[5.816495445065919, 8.913379542407117, 2.1673805908348247, 10.1266289255794, 0.6901333019825002, 11.261159854529707, 9.103998478240328, 9.90624646864317, 9.641220354522194]]
R [[3.6218919976696804, 7.615509466850951, 4.894759068056606, 4.39590571382711, 6.275924551152163, 8.976848531283359, 7.965527916016237, 8.671751412417173, 2.512710739085334]]|[[3.6218919976696804, 7.615509466850951, 4.894759068056606, 4.39590571382711, 6.275924551152163, 8.976848531283359, 7.965527916016237, 8.671751412417173, 2.512710739085334]]|[[3.6218919976696804, 7.615509466850951, 4.894759068056606, 4.39590571382711, 6.275924551152163, 8.976848531283359, 7.965527916016237, 8.671751412417173, 2.512710739085334]]
R [[10.185198196616327, 2.811231002476435, 0.2309071699697891, 3.9224873468210264, 11.363628883508937, 7.697161615049186, 2.4796593514120984, 2.601299877698874, 2.0049200354369425]]|[[10.185198196616327, 2.811231002476435, 0.2309071699697891, 3.9224873468210264, 11.363628883508937, 7.697161615049186, 2.4796593514120984, 2.601299877698874, 2.0049200354369425]]|[[10.185198196616327, 2.811231002476435, 0.2309071699697891, 3.9224873468210264, 11.363628883508937, 7.697161615049186, 2.4796593514120984, 2.601299877698874, 2.0049200354369425]]
R [[5.286327288863365, 10.986226801146957, 3.7046890721555803, 3.278203261240872, 10.970738121158433, 5.301443667172103, 5.446635154530661, 5.7503789380314565, 1.7851282236980839]]|[[5.286327288863365, 10.986226801146957, 3.7046890721555803, 3.278203261240872, 10.970738121158433, 5.301443667172103, 5.446635154530661, 5.7503789380314565, 1.7851282236980839]]|[[5.286327288863365, 10.986226801146957, 3.7046890721555803, 3.278203261240872, 10.970738121158433, 5.301443667172103, 5.446635154530661, 5.7503789380314565, 1.7851282236980839]]
R [[5.965710464316485, 8.185350363620488, 0.6578968384551356, 2.3091288277996282, 10.78891115793198, 11.88304892542788, 9.845516139103793, 3.5289173826434257, 8.99509840809081]]|[[5.965710464316485, 8.185350363620488, 0.6578968384551356, 2.3091288277996282, 10.78891115793198, 11.88304892542788, 9.845516139103793, 3.5289173826434257, 8.99509840809081]]|[[5.965710464316485, 8.185350363620488, 0.6578968384551356, 2.3091288277996282, 10.78891115793198, 11.88304892542788, 9.845516139103793, 3.5289173826434257, 8.99509840809081]]
R [[8.220625960918811, 2.342104586330342, 9.195964134749694, 2.9136378592974252, 6.127438621522903, 5.254472338351959, 3.928026976066702, 2.9452205388774075, 2.9682446012843386]]|[[8.220625960918811, 2.342104586330342, 9.195964134749694, 2.9136378592974252, 6.127438621522903, 5.254472338351959, 3.928026976066702, 2.9452205388774075, 2.9682446012843386]]|[[8.220625960918811, 2.342104586330342, 9.195964134749694, 2.9136378592974252, 6.127438621522903, 5.254472338351959, 3.928026976066702, 2.9452205388774075, 2.9682446012843386]]
R [[4.154844120580016, 5.099459725645178, 11.774819276917535, 7.4298823389227, 5.843120821785966, 11.712574175027697, 10.942790374912477, 3.210136373481772, 7.4931315477966445]]|[[4.154844120580016, 5.099459725645178, 11.774819276917535, 7.4298823389227, 5.843120821785966, 11.712574175027697, 10.942790374912477, 3.210136373481772, 7.4931315477966445]]|[[4.154844120580016, 5.099459725645178, 11.774819276917535, 7.4298823389227, 5.843120821785966, 11.712574175027697, 10.942790374912477, 3.210136373481772, 7.4931315477966445]]
R [[2.3561024092748126, 3.0987421486116107, 7.579414896315431, 7.498608329754112, 0.17840251886304115, 4.391934066499334, 8.214723429916123, 10.633403443994597, 5.6463780583370005]]|[[2.3561024092748126, 3.0987421486116107, 7.579414896315431, 7.498608329754112, 0.17840251886304115, 4.391934066499334, 8.214723429916123, 10.633403443994597, 5.6463780583370005]]|[[2.3561024092748126, 3.0987421486116107, 7.579414896315431, 7.498608329754112, 0.17840251886304115, 4.391934066499334, 8.214723429916123, 10.633403443994597, 5.6463780583370005]]
R [[9.1001522170036, 0.055971575315393096, 4.326193014478751, 0.36649868094198146, 8.056948490682565, 6.152013466211262, 7.453725257436233, 2.1570318549700587, 10.398908025574622]]|[[9.1001522170036, 0.055971575315393096, 4.326193014478751, 0.36649868094198146, 8.056948490682565, 6.152013466211262, 7.453725257436233, 2.1570318549700587, 10.398908025574622]]|[[9.1001522170036, 0.055971575315393096, 4.326193014478751, 0.36649868094198146, 8.056948490682565, 6.152013466211262, 7.453725257436233, 2.1570318549700587, 10.398908025574622]]
R [[4.270125363411838, 3.9219233476977715, 2.2010767240795643, 10.273884689393494, 9.559163086122913, 6.643573241488559, 5.125890476263702, 2.4026439487976803, 2.3307773082620904]]|[[4.270125363411838, 3.9219233476977715, 2.2010767240795643, 10.273884689393494, 9.559163086122913, 6.643573241488559, 5.125890476263702, 2.4026439487976803, 2.3307773082620904]]|[[4.270125363411838, 3.9219233476977715, 2.2010767240795643, 10.273884689393494, 9.559163086122913, 6.643573241488559, 5.125890476263702, 2.4026439487976803, 2.3307773082620904]]
R [[11.809120099314402, 0.1586156871944273, 10.156176710382669, 9.753340842563768, 8.43058338864187, 7.231390449530272, 1.5481131124608898, 5.474636334726771, 2.5090556262167616]]|[[11.809120099314402, 0.1586156871944273, 10.156176710382669, 9.753340842563768, 8.43058338864187, 7.231390449530272, 1.5481131124608898, 5.474636334726771, 2.5090556262167616]]|[[11.809120099314402, 0.1586156871944273, 10.156176710382669, 9.753340842563768, 8.43058338864187, 7.231390449530272, 1.5481131124608898, 5.474636334726771, 2.5090556262167616]]
R [[2.6195718137031268, 10.827262601041864, 9.74493336315386, 4.148412832078766, 11.788300364993814, 8.930092512910715, 10.710777233246391, 1.3088134160122662, 9.684891046169941]]|[[2.6195718137031268, 10.827262601041864, 9.74493336315386, 4.148412832078766, 11.788300364993814, 8.930092512910715, 10.710777233246391, 1.3088134160122662, 9.684891046169941]]|[[2.6195718137031268, 10.827262601041864, 9.74493336315386, 4.148412832078766, 11.788300364993814, 8.930092512910715, 10.710777233246391, 1.3088134160122662, 9.684891046169941]]
R [[5.03914422049119, 9.30603564877327, 0.4419120695893959, 4.255141355475668, 4.506655327033727, 2.226355193451463, 1.7121324992968483, 6.625094762521396, 7.152890410526492]]|[[5.03914422049119, 9.30603564877327, 0.4419120695893959, 4.255141355475668, 4.506655327033727, 2.226355193451463, 1.7121324992968483, 6.625094762521396, 7.152890410526492]]|[[5.03914422049119, 9.30603564877327, 0.4419120695893959, 4.255141355475668, 4.506655327033727, 2.226355193451463, 1.7121324992968483, 6.625094762521396, 7.152890410526492]]
R [[6.5081813723276305, 2.9142670240280597, 11.853397040637699, 9.356803942208247, 9.129685123267677, 1.9437274659672803, 7.577394266835692, 5.286403330779816, 4.1951058167938005]]|[[6.5081813723276305, 2.9142670240280597, 11.853397040637699, 9.356803942208247, 9.129685123267677, 1.9437274659672803, 7.577394266835692, 5.286403330779816, 4.1951058167938005]]|[[6.5081813723276305, 2.9142670240280597, 11.853397040637699, 9.356803942208247, 9.129685123267677, 1.9437274659672803, 7.577394266835692, 5.286403330779816, 4.1951058167938005]]
R [[1.4501700527671, 2.328221707249199, 10.261274537903537, 11.118900227549915, 0.20962632364981548, 2.812129057692684, 5.523506339061104, 1.935403962376756, 6.1967435517539045]]|[[1.4501700527671, 2.328221707249199, 10.261274537903537, 11.118900227549915, 0.20962632364981548, 2.812129057692684, 5.523506339061104, 1.935403962376756, 6.1967435517539045]]|[[1.4501700527671, 2.328221707249199, 10.261274537903537, 11.118900227549915, 0.20962632364981548, 2.812129057692684, 5.523506339061104, 1.935403962376756, 6.1967435517539045]]
R [[10.766525542049575, 4.3299357106908785, 1.3325335967146068, 3.9146054795836327, 7.857398522885878, 0.8550697138205288, 4.060380919724171, 4.270447474095114, 5.8594064089666915]]|[[10.766525542049575, 4.3299357106908785, 1.3325335967146068, 3.9146054795836327, 7.857398522885878, 0.8550697138205288, 4.060380919724171, 4.270447474095114, 5.8594064089666915]]|[[10.766525542049575, 4.3299357106908785, 1.3325335967146068, 3.9146054795836327, 7.857398522885878, 0.8550697138205288, 4.060380919724171, 4.270447474095114, 5.8594064089666915]]
R [[8.770299760507822, 9.601185441335039, 10.921743435078692, 7.935448107571088, 0.37239093345332686, 8.695508027024324, 7.035839972650256, 8.652777633026258, 1.9474633483898005]]|[[8.770299760507822, 9.601185441335039, 10.921743435078692, 7.935448107571088, 0.37239093345332686, 8.695508027024324, 7.035839972650256, 8.652777633026258, 1.9474633483898005]]|[[8.770299760507822, 9.601185441335039, 10.921743435078692, 7.935448107571088, 0.37239093345332686, 8.695508027024324, 7.035839972650256, 8.652777633026258, 1.9474633483898005]]
R [[1.9281409850550992, 2.5027092164983653, 1.998504327908356, 9.184933133287476, 1.4822581286649328, 4.557537768214454, 9.80907966902146, 9.251464088134727, 7.673112951700038]]|[[1.9281409850550992, 2.5027092164983653, 1.998504327908356, 9.184933133287476, 1.4822581286649328, 4.557537768214454, 9.80907966902146, 9.251464088134727, 7.673112951700038]]|[[1.9281409850550992, 2.5027092164983653, 1.998504327908356, 9.184933133287476, 1.4822581286649328, 4.557537768214454, 9.80907966902146, 9.251464088134727, 7.673112951700038]]
R [[3.8042401312914, 5.190829729327856, 4.208332727066331, 4.745376194979665, 8.790835162388044, 0.9889044211704108, 2.557868144767531, 2.102758875376924, 7.31782316653263]]|[[3.8042401312914, 5.190829729327856, 4.208332727066331, 4.745376194979665, 8.790835162388044, 0.9889044211704108, 2.557868144767531, 2.102758875376924, 7.31782316653263]]|[[3.8042401312914, 5.190829729327856, 4.208332727066331, 4.745376194979665, 8.790835162388044, 0.9889044211704108, 2.557868144767531, 2.102758875376924, 7.31782316653263]]
R [[3.512410191054104, 0.13246584959710583, 7.61328039677985, 0.6792516895794458, 8.76083944430885, 10.071676662919367, 10.71609103853731, 4.53631818127924, 3.0570448178912732]]|[[3.512410191054104, 0.13246584959710583, 7.61328039677985, 0.6792516895794458, 8.76083944430885, 10.071676662919367, 10.71609103853731, 4.53631818127924, 3.0570448178912732]]|[[3.512410191054104, 0.13246584959710583, 7.61328039677985, 0.6792516895794458, 8.76083944430885, 10.071676662919367, 10.71609103853731, 4.53631818127924, 3.0570448178912732]]
R [[11.348232049180776, 8.89099926047536, 3.991315772489915, 1.4241619175485547, 1.478690499921182, 3.779815151278703, 5.514611298687113, 11.59471378208282, 10.915429192485833]]|[[11.348232049180776, 8.89099926047536, 3.991315772489915, 1.4241619175485547, 1.478690499921182, 3.779815151278703, 5.514611298687113, 11.59471378208282, 10.915429192485833]]|[[11.348232049180776, 8.89099926047536, 3.991315772489915, 1.4241619175485547, 1.478690499921182, 3.779815151278703, 5.514611298687113, 11.59471378208282, 10.915429192485833]]
R [[3.542989889514722, 10.129860391780015, 6.881542867290392, 8.959016450291417, 2.8515007631638505, 6.90347120378039, 11.767969188721576, 0.37775782270061065, 11.651985742834743]]|[[3.542989889514722, 10.129860391780015, 6.881542867290392, 8.959016450291417, 2.8515007631638505, 6.90347120378039, 11.767969188721576, 0.37775782270061065, 11.651985742834743]]|[[3.542989889514722, 10.129860391780015, 6.881542867290392, 8.959016450291417, 2.8515007631638505, 6.90347120378039, 11.767969188721576, 0.37775782270061065, 11.651985742834743]]
R [[2.7267184240679128, 1.0726409219960682, 1.2779613566667098, 11.234807337350695, 10.137607976175218, 8.656811428802023, 3.7883447895014495, 0.2962069074951885, 0.09421603406393952]]|[[2.7267184240679128, 1.0726409219960682, 1.2779613566667098, 11.234807337350695, 10.137607976175218, 8.656811428802023, 3.7883447895014495, 0.2962069074951885, 0.09421603406393952]]|[[2.7267184240679128, 1.0726409219960682, 1.2779613566667098, 11.234807337350695, 10.137607976175218, 8.656811428802023, 3.7883447895014495, 0.2962069074951885, 0.09421603406393952]]
R [[8.186471899541623, 7.599233857110313, 5.600739187416963, 4.762958966785856, 3.314546249483702, 9.832948125589859, 10.666721198776575, 7.605566302006425, 1.1432549268590297]]|[[8.186471899541623, 7.599233857110313, 5.600739187416963, 4.762958966785856, 3.314546249483702, 9.832948125589859, 10.666721198776575, 7.605566302006425, 1.1432549268590297]]|[[8.186471899541623, 7.599233857110313, 5.600739187416963, 4.762958966785856, 3.314546249483702, 9.832948125589859, 10.666721198776575, 7.605566302006425, 1.1432549268590297]]
R [[9.172089435515371, 6.9151740107924375, 7.431567111356337, 9.768386730382572, 0.5849317765398983, 4.0737060447200335, 0.5059991803605279, 9.568551677546807, 4.548135483121866]]|[[9.172089435515371, 6.9151740107924375, 7.431567111356337, 9.768386730382572, 0.5849317765398983, 4.0737060447200335, 0.5059991803605279, 9.568551677546807, 4.548135483121866]]|[[9.172089435515371, 6.9151740107924375, 7.431567111356337, 9.768386730382572, 0.5849317765398983, 4.0737060447200335, 0.5059991803605279, 9.568551677546807, 4.548135483121866]]
R [[10.198725280277262, 3.3223392491661476, 8.876770994917095, 3.0529970503729076, 3.2728548804534316, 7.405614124839188, 1.8553888669124157, 11.86318409807132, 7.7200389348780885]]|[[10.198725280277262, 3.3223392491661476, 8.876770994917095, 3.0529970503729076, 3.2728548804534316, 7.405614124839188, 1.8553888669124157, 11.86318409807132, 7.7200389348780885]]|[[10.198725280277262, 3.3223392491661476, 8.876770994917095, 3.0529970503729076, 3.2728548804534316, 7.405614124839188, 1.8553888669124157, 11.86318409807132, 7.7200389348780885]]
R [[7.994703988235111, 0.9543390243370493, 7.761283654105368, 7.6367799822576385, 5.835987314951662, 5.166769765346865, 3.943886016735918, 5.190225031961053, 1.7498656022946384]]|[[7.994703988235111, 0.9543390243370493, 7.761283654105368, 7.6367799822576385, 5.835987314951662, 5.166769765346865, 3.943886016735918, 5.190225031961053, 1.7498656022946384]]|[[7.994703988235111, 0.9543390243370493, 7.761283654105368, 7.6367799822576385, 5.835987314951662, 5.166769765346865, 3.943886016735918, 5.190225031961053, 1.7498656022946384]]
R [[0.2990930105484648, 7.866247178848193, 11.363694468707568, 2.7033675752547373, 0.8912613674000713, 6.027197173785292, 4.035855996036073, 2.346175458787382, 5.510221414578291]]|[[0.2990930105484648, 7.866247178848193, 11.363694468707568, 2.7033675752547373, 0.8912613674000713, 6.027197173785292, 4.035855996036073, 2.346175458787382, 5.510221414578291]]|[[0.2990930105484648, 7.866247178848193, 11.363694468707568, 2.7033675752547373, 0.8912613674000713, 6.027197173785292, 4.035855996036073, 2.346175458787382, 5.510221414578291]]
R [[1.4810382587817288, 3.4885956380553074, 5.416585452329754, 3.6677717521733353, 2.6478100977534123, 3.9927448532011804, 6.746011352706503, 4.238141648194574, 7.025983397833757]]|[[1.4810382587817288, 3.4885956380553074, 5.416585452329754, 3.6677717521733353, 2.6478100977534123, 3.9927448532011804, 6.746011352706503, 4.238141648194574, 7.025983397833757]]|[[1.4810382587817288, 3.4885956380553074, 5.416585452329754, 3.6677717521733353, 2.6478100977534123, 3.9927448532011804, 6.746011352706503, 4.238141648194574, 7.025983397833757]]
R [[7.603785624105996, 3.1128544098927082, 3.269872752559471, 10.727788711996823, 6.3374567042009575, 0.0922203233664769, 9.920498287576638, 1.5120903529248126, 9.793693674869496]]|[[7.603785624105996, 3.1128544098927082, 3.269872752559471, 10.727788711996823, 6.3374567042009575, 0.0922203233664769, 9.920498287576638, 1.5120903529248126, 9.793693674869496]]|[[7.603785624105996, 3.1128544098927082, 3.269872752559471, 10.727788711996823, 6.3374567042009575, 0.0922203233664769, 9.920498287576638, 1.5120903529248126, 9.793693674869496]]
R [[9.485794910189954, 3.121714661859535, 7.483762895616975, 1.0816427693838966, 0.32266840865550606, 11.098589456615894, 0.49404500242921134, 9.409564713590825, 1.8343376168800667]]|[[9.485794910189954, 3.121714661859535, 7.483762895616975, 1.0816427693838966, 0.32266840865550606, 11.098589456615894, 0.49404500242921134, 9.409564713590825, 1.8343376168800667]]|[[9.485794910189954, 3.121714661859535, 7.483762895616975, 1.0816427693838966, 0.32266840865550606, 11.098589456615894, 0.49404500242921134, 9.409564713590825, 1.8343376168800667]]
R [[0.5338103925365432, 2.4850231254924724, 9.705985808037195, 3.5403215168945965, 11.414523144430753, 6.2534073035943685, 8.255231212359318, 0.18888296058374854, 11.522079523264079]]|[[0.5338103925365432, 2.4850231254924724, 9.705985808037195, 3.5403215168945965, 11.414523144430753, 6.2534073035943685, 8.255231212359318, 0.18888296058374854, 11.522079523264079]]|[[0.5338103925365432, 2.4850231254924724, 9.705985808037195, 3.5403215168945965, 11.414523144430753, 6.2534073035943685, 8.255231212359318, 0.18888296058374854, 11.522079523264079]]
R [[4.371553556996364, 0.8836143471026592, 0.6322624401936459, 0.37970069355947933, 8.424466956031768, 5.835086311786556, 7.889595311378069, 9.112194379616106, 4.327950327289296]]|[[4.371553556996364, 0.8836143471026592, 0.6322624401936459, 0.37970069355947933, 8.424466956031768, 5.835086311786556, 7.889595311378069, 9.112194379616106, 4.327950327289296]]|[[4.371553556996364, 0.8836143471026592, 0.6322624401936459, 0.37970069355947933, 8.424466956031768, 5.835086311786556, 7.889595311378069, 9.112194379616106, 4.327950327289296]]
R [[10.50151364267432, 0.7357579399913776, 11.719886668340445, 4.574388051797143, 9.376116207221752, 2.324537694903499, 1.4881872243486192, 8.538877811329328, 5.338141152070678]]|[[10.50151364267432, 0.7357579399913776, 11.719886668340445, 4.574388051797143, 9.376116207221752, 2.324537694903499, 1.4881872243486192, 8.538877811329328, 5.338141152070678]]|[[10.50151364267432, 0.7357579399913776, 11.719886668340445, 4.574388051797143, 9.376116207221752, 2.324537694903499, 1.4881872243486192, 8.538877811329328, 5.338141152070678]]
R [[9.684246999658559, 2.7447276410291823, 9.030895282810445, 8.309916395060062, 10.788838095651506, 3.2462799708779952, 10.157779162023449, 3.0497259060099657, 0.3400218584477863]]|[[9.684246999658559, 2.7447276410291823, 9.030895282810445, 8.309916395060062, 10.788838095651506, 3.2462799708779952, 10.157779162023449, 3.0497259060099657, 0.3400218584477863]]|[[9.684246999658559, 2.7447276410291823, 9.030895282810445, 8.309916395060062, 10.788838095651506, 3.2462799708779952, 10.157779162023449, 3.0497259060099657, 0.3400218584477863]]
R [[1.6596728735336672, 1.7473275235645116, 1.658708218795811, 4.119672107319349, 0.0642872757096975, 7.75093890546337, 7.169166422836458, 7.511999831115753, 6.245518387305982]]|[[1.6596728735336672, 1.7473275235645116, 1.658708218795811, 4.119672107319349, 0.0642872757096975, 7.75093890546337, 7.169166422836458, 7.511999831115753, 6.245518387305982]]|[[1.6596728735336672, 1.7473275235645116, 1.658708218795811, 4.119672107319349, 0.0642872757096975, 7.75093890546337, 7.169166422836458, 7.511999831115753, 6.245518387305982]]
R [[4.42247236139133, 3.594223175114678, 11.01290972965078, 8.16220979032358, 6.9453569183952695, 0.4830178745614404, 1.2030074387183114, 7.114994025967761, 3.045926259874156]]|[[4.42247236139133, 3.594223175114678, 11.01290972965078, 8.16220979032358, 6.9453569183952695, 0.4830178745614404, 1.2030074387183114, 7.114994025967761, 3.045926259874156]]|[[4.42247236139133, 3.594223175114678, 11.01290972965078, 8.16220979032358, 6.9453569183952695, 0.4830178745614404, 1.2030074387183114, 7.114994025967761, 3.045926259874156]]
R [[5.694819556847802, 8.575459737866455, 5.483842096344432, 6.983182567931354, 6.528119798528538, 5.135937623457516, 1.2001122921324643, 9.654127066018319, 1.4879274629623582]]|[[5.694819556847802, 8.575459737866455, 5.483842096344432, 6.983182567931354, 6.528119798528538, 5.135937623457516, 1.2001122921324643, 9.654127066018319, 1.4879274629623582]]|[[5.694819556847802, 8.575459737866455, 5.483842096344432, 6.983182567931354, 6.528119798528538, 5.135937623457516, 1.2001122921324643, 9.654127066018319, 1.4879274629623582]]
R [[11.070137811958535, 3.2279326957857823, 1.807412828713058, 4.989023061533768, 6.639076583746677, 4.3984911967383, 0.42545106889599316, 11.289795288689826, 0.8595908478160599]]|[[11.070137811958535, 3.2279326957857823, 1.807412828713058, 4.989023061533768, 6.639076583746677, 4.3984911967383, 0.42545106889599316, 11.289795288689826, 0.8595908478160599]]|[[11.070137811958535, 3.2279326957857823, 1.807412828713058, 4.989023061533768, 6.639076583746677, 4.3984911967383, 0.42545106889599316, 11.289795288689826, 0.8595908478160599]]
R [[5.4890402111212175, 9.254369951976077, 7.1511084997379175, 7.916062640367832, 0.8397737921149226, 8.844095289022984, 3.0294525358374718, 5.076913424711274, 8.248961927653152]]|[[5.4890402111212175, 9.254369951976077, 7.1511084997379175, 7.916062640367832, 0.8397737921149226, 8.844095289022984, 3.0294525358374718, 5.076913424711274, 8.248961927653152]]|[[5.4890402111212175, 9.254369951976077, 7.1511084997379175, 7.916062640367832, 0.8397737921149226, 8.844095289022984, 3.0294525358374718, 5.076913424711274, 8.248961927653152]]
R [[3.33076307577497, 4.240355167709525, 10.762010888566632, 7.967795635834859, 0.984569650072904, 7.636717124572064, 8.8325960410349, 0.4951249684384882, 10.515558717001376]]|[[3.33076307577497, 4.240355167709525, 10.762010888566632, 7.967795635834859, 0.984569650072904, 7.636717124572064, 8.8325960410349, 0.4951249684384882, 10.515558717001376]]|[[3.33076307577497, 4.240355167709525, 10.762010888566632, 7.967795635834859, 0.984569650072904, 7.636717124572064, 8.8325960410349, 0.4951249684384882, 10.515558717001376]]
R [[1.794895499296894, 9.358029218629806, 8.077185036320333, 6.017213120567439, 2.258410079637641, 2.3299977915739025, 3.322400050099236, 5.566905111778638, 11.470794825389952]]|[[1.794895499296894, 9.358029218629806, 8.077185036320333, 6.017213120567439, 2.258410079637641, 2.3299977915739025, 3.322400050099236, 5.566905111778638, 11.470794825389952]]|[[1.794895499296894, 9.358029218629806, 8.077185036320333, 6.017213120567439, 2.258410079637641, 2.3299977915739025, 3.322400050099236, 5.566905111778638, 11.470794825389952]]
R [[1.512478390909942, 11.575905115203524, 8.982609207352992, 5.868635231171345, 7.871171778550831, 7.0749185402427734, 0.8453570637133794, 5.264133410084797, 2.961827654287195]]|[[1.512478390909942, 11.575905115203524, 8.982609207352992, 5.868635231171345, 7.871171778550831, 7.0749185402427734, 0.8453570637133794, 5.264133410084797, 2.961827654287195]]|[[1.512478390909942, 11.575905115203524, 8.982609207352992, 5.868635231171345, 7.871171778550831, 7.0749185402427734, 0.8453570637133794, 5.264133410084797, 2.961827654287195]]
R [[2.3225485197085276, 1.7669746264967268, 10.411593016797228, 8.82640462449948, 6.703179878752329, 4.188606049951844, 5.586953762722819, 11.051789261460614, 10.387773507546175]]|[[2.3225485197085276, 1.7669746264967268, 10.411593016797228, 8.82640462449948, 6.703179878752329, 4.188606049951844, 5.586953762722819, 11.051789261460614, 10.387773507546175]]|[[2.3225485197085276, 1.7669746264967268, 10.411593016797228, 8.82640462449948, 6.703179878752329, 4.188606049951844, 5.586953762722819, 11.051789261460614, 10.387773507546175]]
R [[4.84444868959863, 6.548782624966071, 6.1215614113316885, 7.727636287772991, 5.9302223802139284, 10.665387086730341, 6.872826255202179, 8.704548239564069, 6.8665265120527845]]|[[4.84444868959863, 6.548782624966071, 6.1215614113316885, 7.727636287772991, 5.9302223802139284, 10.665387086730341, 6.872826255202179, 8.704548239564069, 6.8665265120527845]]|[[4.84444868959863, 6.548782624966071, 6.1215614113316885, 7.727636287772991, 5.9302223802139284, 10.665387086730341, 6.872826255202179, 8.704548239564069, 6.8665265120527845]]
R [[6.447979463606061, 6.966391332049118, 6.276795401996413, 2.830178706225302, 7.238601624331521, 7.214440884196248, 5.590489140134013, 1.4230551836240468, 6.978658244242403]]|[[6.447979463606061, 6.966391332049118, 6.276795401996413, 2.830178706225302, 7.238601624331521, 7.214440884196248, 5.590489140134013, 1.4230551836240468, 6.978658244242403]]|[[6.447979463606061, 6.966391332049118, 6.276795401996413, 2.830178706225302, 7.238601624331521, 7.214440884196248, 5.590489140134013, 1.4230551836240468, 6.978658244242403]]
R [[7.1090371638627925, 8.359341688201953, 2.51006979567042, 6.4229782356880705, 3.2153797456770414, 0.847522563888714, 3.00130311791318, 1.875468176036439, 4.51118973797595]]|[[7.1090371638627925, 8.359341688201953, 2.51006979567042, 6.4229782356880705, 3.2153797456770414, 0.847522563888714, 3.00130311791318, 1.875468176036439, 4.51118973797595]]|[[7.1090371638627925, 8.359341688201953, 2.51006979567042, 6.4229782356880705, 3.2153797456770414, 0.847522563888714, 3.00130311791318, 1.875468176036439, 4.51118973797595]]
R [[9.267986873204011, 8.562124138300495, 10.540983215020622, 5.069494774981985, 2.1403748174952533, 1.6547917979608031, 10.399347173837967, 4.919032072924939, 8.796032661615932]]|[[9.267986873204011, 8.562124138300495, 10.540983215020622, 5.069494774981985, 2.1403748174952533, 1.6547917979608031, 10.399347173837967, 4.919032072924939, 8.796032661615932]]|[[9.267986873204011, 8.562124138300495, 10.540983215020622, 5.069494774981985, 2.1403748174952533, 1.6547917979608031, 10.399347173837967, 4.919032072924939, 8.796032661615932]]
R [[7.4378009703151555, 5.653601380238992, 4.764194542013335, 4.919233860554028, 7.55582885246756, 8.086730625045883, 2.5755608319895904, 4.726565110607921, 2.947512272444479]]|[[7.4378009703151555, 5.653601380238992, 4.764194542013335, 4.919233860554028, 7.55582885246756, 8.086730625045883, 2.5755608319895904, 4.726565110607921, 2.947512272444479]]|[[7.4378009703151555, 5.653601380238992, 4.764194542013335, 4.919233860554028, 7.55582885246756, 8.086730625045883, 2.5755608319895904, 4.726565110607921, 2.947512272444479]]
R [[0.6544004160431864, 1.1391035944561998, 9.704033378364606, 2.0877916188331773, 1.0180968367569423, 1.3725686988885846, 4.04888969640025, 0.1223440072368831, 11.60036125235882]]|[[0.6544004160431864, 1.1391035944561998, 9.704033378364606, 2.0877916188331773, 1.0180968367569423, 1.3725686988885846, 4.04888969640025, 0.1223440072368831, 11.60036125235882]]|[[0.6544004160431864, 1.1391035944561998, 9.704033378364606, 2.0877916188331773, 1.0180968367569423, 1.3725686988885846, 4.04888969640025, 0.1223440072368831, 11.60036125235882]]
R [[2.272645552974246, 3.4122068366103084, 10.511981923929078, 7.043619383929233, 11.223127433327619, 10.574808265152837, 10.45449294389937, 11.927036997273493, 0.49844052287904006]]|[[2.272645552974246, 3.4122068366103084, 10.511981923929078, 7.043619383929233, 11.223127433327619, 10.574808265152837, 10.45449294389937, 11.927036997273493, 0.49844052287904006]]|[[2.272645552974246, 3.4122068366103084, 10.511981923929078, 7.043619383929233, 11.223127433327619, 10.574808265152837, 10.45449294389937, 11.927036997273493, 0.49844052287904006]]
R [[0.7957819531989108, 8.641195867477471, 1.3186765667327394, 4.451130680804297, 4.089063096489577, 2.9506571294665123, 3.631079229839614, 3.7898820655565846, 5.149759078592501]]|[[0.7957819531989108, 8.641195867477471, 1.3186765667327394, 4.451130680804297, 4.089063096489577, 2.9506571294665123, 3.631079229839614, 3.7898820655565846, 5.149759078592501]]|[[0.7957819531989108, 8.641195867477471, 1.3186765667327394, 4.451130680804297, 4.089063096489577, 2.9506571294665123, 3.631079229839614, 3.7898820655565846, 5.149759078592501]]
Obstacle
R [[12, 12, 12, 12, 12, 12, 12, 12, 12]]|[[12, 12, 12, 12, 12, 12, 12, 12, 12]]|[[12, 12, 12, 12, 12, 12, 12, 12, 12]]
Done
R [[3.651482632807542, 8.453917467667768, 2.717129975107071, 10.928233404919096, 1.3806508546032004, 7.123744220542859, 11.224237820723982, 2.4369568725211552, 10.843560706433177]]|[[3.651482632807542, 8.453917467667768, 2.717129975107071, 10.928233404919096, 1.3806508546032004, 7.123744220542859, 11.224237820723982, 2.4369568725211552, 10.843560706433177]]|[[3.651482632807542, 8.453917467667768, 2.717129975107071, 10.928233404919096, 1.3806508546032004, 7.123744220542859, 11.224237820723982, 2.4369568725211552, 10.843560706433177]]
R [[6.6254252453233615, 5.056205114052601, 3.1749246877784256, 6.12485769906951, 6.2900382915758755, 7.768811636442523, 5.498875736011726, 9.100973446376432, 3.4071299546751455]]|[[6.6254252453233615, 5.056205114052601, 3.1749246877784256, 6.12485769906951, 6.2900382915758755, 7.768811636442523, 5.498875736011726, 9.100973446376432, 3.4071299546751455]]|[[6.6254252453233615, 5.056205114052601, 3.1749246877784256, 6.12485769906951, 6.2900382915758755, 7.768811636442523, 5.498875736011726, 9.100973446376432, 3.4071299546751455]]
Obstacle
R [[12, 12, 12, 12, 12, 12, 12, 12, 12]]|[[12, 12, 12, 12, 12, 12, 12, 12, 12]]|[[12, 12, 12, 12, 12, 12, 12, 12, 12]]
Done
R [[11.977455551029077, 6.3090484367870046, 10.980561993716426, 8.150732947506604, 1.2824861542941988, 4.920679296637587, 1.0003655206309778, 0.34230616435310157, 2.2119724690160423]]|[[11.977455551029077, 6.3090484367870046, 10.980561993716426, 8.150732947506604, 1.2824861542941988, 4.920679296637587, 1.0003655206309778, 0.34230616435310157, 2.2119724690160423]]|[[11.977455551029077, 6.3090484367870046, 10.980561993716426, 8.150732947506604, 1.2824861542941988, 4.920679296637587, 1.0003655206309778, 0.34230616435310157, 2.2119724690160423]]
R [[4.758043923427914, 8.23370666317807, 8.443268401241765, 0.04926216604555389, 0.6037899311280892, 6.664876197585118, 3.341618974771298, 11.516686032675933, 0.9870225705103879]]|[[4.758043923427914, 8.23370666317807, 8.443268401241765, 0.04926216604555389, 0.6037899311280892, 6.664876197585118, 3.341618974771298, 11.516686032675933, 0.9870225705103879]]|[[4.758043923427914, 8.23370666317807, 8.443268401241765, 0.04926216604555389, 0.6037899311280892, 6.664876197585118, 3.341618974771298, 11.516686032675933, 0.9870225705103879]]
Obstacle
R [[12, 12, 12, 12, 12, 12, 12, 12, 12]]|[[12, 12, 12, 12, 12, 12, 12, 12, 12]]|[[12, 12, 12, 12, 12, 12, 12, 12, 12]]
Done
R [[6.881709166291938, 5.847449226099309, 0.37086409422940303, 0.31405363442559153, 8.554950184869734, 3.7989132135735013, 2.9924361513315665, 5.322015005482212, 9.030404066785017]]|[[6.881709166291938, 5.847449226099309, 0.37086409422940303, 0.31405363442559153, 8.554950184869734, 3.7989132135735013, 2.9924361513315665, 5.322015005482212, 9.030404066785017]]|[[6.881709166291938, 5.847449226099309, 0.37086409422940303, 0.31405363442559153, 8.554950184869734, 3.7989132135735013, 2.9924361513315665, 5.322015005482212, 9.030404066785017]]
R [[1.1229544051129836, 2.6089548358373893, 2.651565856609954, 6.815540680247333, 10.567269540608656, 7.275858062006678, 0.17584606015365312, 8.795102871214509, 7.025449595368302]]|[[1.1229544051129836, 2.6089548358373893, 2.651565856609954, 6.815540680247333, 10.567269540608656, 7.275858062006678, 0.17584606015365312, 8.795102871214509, 7.025449595368302]]|[[1.1229544051129836, 2.6089548358373893, 2.651565856609954, 6.815540680247333, 10.567269540608656, 7.275858062006678, 0.17584606015365312, 8.795102871214509, 7.025449595368302]]
Obstacle
R [[12, 12, 12, 12, 12, 12, 12, 12, 12]]|[[12, 12, 12, 12, 12, 12, 12, 12, 12]]|[[12, 12, 12, 12, 12, 12, 12, 12, 12]]
Done
R [[0.9127406329623282, 11.057677462448204, 1.017902081102187, 5.118138284449348, 1.3459407860293036, 4.21232240158688, 4.346874602662208, 8.148851578946143, 2.81619320213488]]|[[0.9127406329623282, 11.057677462448204, 1.017902081102187, 5.118138284449348, 1.3459407860293036, 4.21232240158688, 4.346874602662208, 8.148851578946143, 2.81619320213488]]|[[0.9127406329623282, 11.057677462448204, 1.017902081102187, 5.118138284449348, 1.3459407860293036, 4.21232240158688, 4.346874602662208, 8.148851578946143, 2.81619320213488]]
R [[0.13997823764031692, 2.3226177301040436, 4.935564528750436, 10.389846358735635, 10.021894528285683, 4.6593486295109265, 2.2864661011016403, 4.995391935849833, 8.237185499817436]]|[[0.13997823764031692, 2.3226177301040436, 4.935564528750436, 10.389846358735635, 10.021894528285683, 4.6593486295109265, 2.2864661011016403, 4.995391935849833, 8.237185499817436]]|[[0.13997823764031692, 2.3226177301040436, 4.935564528750436, 10.389846358735635, 10.021894528285683, 4.6593486295109265, 2.2864661011016403, 4.995391935849833, 8.237185499817436]]
R [[3.8969212584710373, 5.059011566590161, 8.635953010284233, 5.007241706293716, 1.6158742334725202, 4.287632648271406, 8.467031654112356, 3.4957314108589865, 4.079175320897182]]|[[3.8969212584710373, 5.059011566590161, 8.635953010284233, 5.007241706293716, 1.6158742334725202, 4.287632648271406, 8.467031654112356, 3.4957314108589865, 4.079175320897182]]|[[3.8969212584710373, 5.059011566590161, 8.635953010284233, 5.007241706293716, 1.6158742334725202, 4.287632648271406, 8.467031654112356, 3.4957314108589865, 4.079175320897182]]
R [[11.371922425785911, 4.135338666577154, 9.107910897498483, 10.704580283233158, 1.9435177466882334, 6.966704837752084, 2.813630970160715, 0.9241157155141195, 8.477915074053044]]|[[11.371922425785911, 4.135338666577154, 9.107910897498483, 10.704580283233158, 1.9435177466882334, 6.966704837752084, 2.813630970160715, 0.9241157155141195, 8.477915074053044]]|[[11.371922425785911, 4.135338666577154, 9.107910897498483, 10.704580283233158, 1.9435177466882334, 6.966704837752084, 2.813630970160715, 0.9241157155141195, 8.477915074053044]]
R [[0.5551456824690897, 7.732381552998621, 11.58123099448478, 9.426984538643547, 2.7307798888851735, 8.234611054991664, 4.36181633070769, 6.7745342750876425, 6.973573871226334]]|[[0.5551456824690897, 7.732381552998621, 11.58123099448478, 9.426984538643547, 2.7307798888851735, 8.234611054991664, 4.36181633070769, 6.7745342750876425, 6.973573871226334]]|[[0.5551456824690897, 7.732381552998621, 11.58123099448478, 9.426984538643547, 2.7307798888851735, 8.234611054991664, 4.36181633070769, 6.7745342750876425, 6.973573871226334]]
R [[3.0687924861438978, 8.2594949426179, 2.368059651621207, 0.7314468648418813, 4.230801061974409, 2.453292155432267, 3.2575170155291393, 11.713776590891007, 5.056436802005752]]|[[3.0687924861438978, 8.2594949426179, 2.368059651621207, 0.7314468648418813, 4.230801061974409, 2.453292155432267, 3.2575170155291393, 11.713776590891007, 5.056436802005752]]|[[3.0687924861438978, 8.2594949426179, 2.368059651621207, 0.7314468648418813, 4.230801061974409, 2.453292155432267, 3.2575170155291393, 11.713776590891007, 5.056436802005752]]
R [[9.151385183135364, 0.10792235995288202, 11.24938135229537, 9.314720605739403, 0.36572777615803, 9.630643356066638, 11.032129385536049, 1.3588693496400635, 3.1088276186922212]]|[[9.151385183135364, 0.10792235995288202, 11.24938135229537, 9.314720605739403, 0.36572777615803, 9.630643356066638, 11.032129385536049, 1.3588693496400635, 3.1088276186922212]]|[[9.151385183135364, 0.10792235995288202, 11.24938135229537, 9.314720605739403, 0.36572777615803, 9.630643356066638, 11.032129385536049, 1.3588693496400635, 3.1088276186922212]]
R [[4.245085607848756, 3.6977447657837543, 11.588147389951303, 1.228015638799011, 3.875943853938004, 5.948352100757425, 7.705119797388525, 6.239657282727921, 3.2873368273462096]]|[[4.245085607848756, 3.6977447657837543, 11.588147389951303, 1.228015638799011, 3.875943853938004, 5.948352100757425, 7.705119797388525, 6.239657282727921, 3.2873368273462096]]|[[4.245085607848756, 3.6977447657837543, 11.588147389951303, 1.228015638799011, 3.875943853938004, 5.948352100757425, 7.705119797388525, 6.239657282727921, 3.2873368273462096]]
R [[7.1278856326059294, 3.531336636179283, 9.624289131542533, 8.602868559085083, 3.8969076910166054, 10.183064863866349, 1.242225601749726, 8.874039197348953, 3.106556935279231]]|[[7.1278856326059294, 3.531336636179283, 9.624289131542533, 8.602868559085083, 3.8969076910166054, 10.183064863866349, 1.242225601749726, 8.874039197348953, 3.106556935279231]]|[[7.1278856326059294, 3.531336636179283, 9.624289131542533, 8.602868559085083, 3.8969076910166054, 10.183064863866349, 1.242225601749726, 8.874039197348953, 3.106556935279231]]
R [[5.035294198854489, 5.672710359740983, 0.9120825391565797, 11.921616851108968, 10.992527989735674, 5.520015818182408, 9.517030428316904, 1.6440436915006909, 7.327485766836983]]|[[5.035294198854489, 5.672710359740983, 0.9120825391565797, 11.921616851108968, 10.992527989735674, 5.520015818182408, 9.517030428316904, 1.6440436915006909, 7.327485766836983]]|[[5.035294198854489, 5.672710359740983, 0.9120825391565797, 11.921616851108968, 10.992527989735674, 5.520015818182408, 9.517030428316904, 1.6440436915006909, 7.327485766836983]]
R [[1.7715591379520288, 2.7740118078183387, 10.811234384521637, 9.454384018968799, 0.954723660793745, 10.295628125137206, 7.835385449090586, 6.765654157476604, 2.8971633453967574]]|[[1.7715591379520288, 2.7740118078183387, 10.811234384521637, 9.454384018968799, 0.954723660793745, 10.295628125137206, 7.835385449090586, 6.765654157476604, 2.8971633453967574]]|[[1.7715591379520288, 2.7740118078183387, 10.811234384521637, 9.454384018968799, 0.954723660793745, 10.295628125137206, 7.835385449090586, 6.765654157476604, 2.8971633453967574]]
R [[11.334407910957484, 7.682450903531439, 1.1151441998202456, 11.246627246000518, 10.099350406522062, 8.844769097019816, 3.6554564307129582, 3.43616769777897, 5.018110942728676]]|[[11.334407910957484, 7.682450903531439, 1.1151441998202456, 11.246627246000518, 10.099350406522062, 8.844769097019816, 3.6554564307129582, 3.43616769777897, 5.018110942728676]]|[[11.334407910957484, 7.682450903531439, 1.1151441998202456, 11.246627246000518, 10.099350406522062, 8.844769097019816, 3.6554564307129582, 3.43616769777897, 5.018110942728676]]
R [[11.136132234461666, 5.851424391810594, 8.921449974871884, 2.7625640123468607, 4.088967502324605, 7.24893507223965, 8.829014026323522, 1.8286394507133865, 7.803984031019132]]|[[11.136132234461666, 5.851424391810594, 8.921449974871884, 2.7625640123468607, 4.088967502324605, 7.24893507223965, 8.829014026323522, 1.8286394507133865, 7.803984031019132]]|[[11.136132234461666, 5.851424391810594, 8.921449974871884, 2.7625640123468607, 4.088967502324605, 7.24893507223965, 8.829014026323522, 1.8286394507133865, 7.803984031019132]]
R [[5.293843228025972, 5.677474870108929, 5.771092902728366, 7.655028626494131, 6.626520428393389, 5.238478862095754, 8.914746561371492, 2.520307473574678, 3.7855449108296146]]|[[5.293843228025972, 5.677474870108929, 5.771092902728366, 7.655028626494131, 6.626520428393389, 5.238478862095754, 8.914746561371492, 2.520307473574678, 3.7855449108296146]]|[[5.293843228025972, 5.677474870108929, 5.771092902728366, 7.655028626494131, 6.626520428393389, 5.238478862095754, 8.914746561371492, 2.520307473574678, 3.7855449108296146]]
R [[4.2343649189697885, 5.137962050186621, 0.8736888522775685, 6.359511734456217, 11.522200287988188, 9.762729306576768, 3.8377536713919618, 3.5883680062972814, 8.041416065100556]]|[[4.2343649189697885, 5.137962050186621, 0.8736888522775685, 6.359511734456217, 11.522200287988188, 9.762729306576768, 3.8377536713919618, 3.5883680062972814, 8.041416065100556]]|[[4.2343649189697885, 5.137962050186621, 0.8736888522775685, 6.359511734456217, 11.522200287988188, 9.762729306576768, 3.8377536713919618, 3.5883680062972814, 8.041416065100556]]
R [[1.6899040201605242, 0.4784342937563739, 1.4189981465110053, 2.8675779574572036, 9.092646265696812, 9.36053484526829, 0.03358024329383591, 4.563548754118045, 4.560317367768215]]|[[1.6899040201605242, 0.4784342937563739, 1.4189981465110053, 2.8675779574572036, 9.092646265696812, 9.36053484526829, 0.03358024329383591, 4.563548754118045, 4.560317367768215]]|[[1.6899040201605242, 0.4784342937563739, 1.4189981465110053, 2.8675779574572036, 9.092646265696812, 9.36053484526829, 0.03358024329383591, 4.563548754118045, 4.560317367768215]]
R [[7.58271605435385, 0.27079590274148835, 8.855987546895326, 2.6631278287822937, 4.860263867570911, 2.589764121126746, 10.616448926867799, 8.437795319287694, 7.024211551804231]]|[[7.58271605435385, 0.27079590274148835, 8.855987546895326, 2.6631278287822937, 4.860263867570911, 2.589764121126746, 10.616448926867799, 8.437795319287694, 7.024211551804231]]|[[7.58271605435385, 0.27079590274148835, 8.855987546895326, 2.6631278287822937, 4.860263867570911, 2.589764121126746, 10.616448926867799, 8.437795319287694, 7.024211551804231]]
R [[2.726731805793242, 10.976657093605139, 11.170051758141897, 11.83920107872576, 7.4058957699137515, 5.6687583682623615, 9.124892931620256, 7.083192501998328, 7.06501269374605]]|[[2.726731805793242, 10.976657093605139, 11.170051758141897, 11.83920107872576, 7.4058957699137515, 5.6687583682623615, 9.124892931620256, 7.083192501998328, 7.06501269374605]]|[[2.726731805793242, 10.976657093605139, 11.170051758141897, 11.83920107872576, 7.4058957699137515, 5.6687583682623615, 9.124892931620256, 7.083192501998328, 7.06501269374605]]
R [[7.209519493366051, 11.615604595814666, 6.950253944704345, 10.137970070240327, 0.35573833013166345, 11.22990912563531, 6.018488743066893, 0.33034512959082596, 1.5112292098660394]]|[[7.209519493366051, 11.615604595814666, 6.950253944704345, 10.137970070240327, 0.35573833013166345, 11.22990912563531, 6.018488743066893, 0.33034512959082596, 1.5112292098660394]]|[[7.209519493366051, 11.615604595814666, 6.950253944704345, 10.137970070240327, 0.35573833013166345, 11.22990912563531, 6.018488743066893, 0.33034512959082596, 1.5112292098660394]]
R [[10.295916693265562, 1.9287924937086136, 9.673766247238543, 8.97479781698122, 11.79000568847136, 11.01650629398723, 11.07529984528876, 2.326187045996932, 1.869814608825847]]|[[10.295916693265562, 1.9287924937086136, 9.673766247238543, 8.97479781698122, 11.79000568847136, 11.01650629398723, 11.07529984528876, 2.326187045996932, 1.869814608825847]]|[[10.295916693265562, 1.9287924937086136, 9.673766247238543, 8.97479781698122, 11.79000568847136, 11.01650629398723, 11.07529984528876, 2.326187045996932, 1.869814608825847]]
R [[7.377925377751108, 0.21546320400069607, 4.14889540179926, 5.1428523256002805, 3.688480447436282, 11.924280158408987, 7.684269819306035, 5.942069573062046, 5.0002801584557215]]|[[7.377925377751108, 0.21546320400069607, 4.14889540179926, 5.1428523256002805, 3.688480447436282, 11.924280158408987, 7.684269819306035, 5.942069573062046, 5.0002801584557215]]|[[7.377925377751108, 0.21546320400069607, 4.14889540179926, 5.1428523256002805, 3.688480447436282, 11.924280158408987, 7.684269819306035, 5.942069573062046, 5.0002801584557215]]
R [[1.0020211102235455, 4.478586387882885, 9.054373262918304, 0.8101645692508908, 8.019269515391976, 1.0527812085941632, 9.072543307233229, 2.9288708300272193, 3.3899654049190944]]|[[1.0020211102235455, 4.478586387882885, 9.054373262918304, 0.8101645692508908, 8.019269515391976, 1.0527812085941632, 9.072543307233229, 2.9288708300272193, 3.3899654049190944]]|[[1.0020211102235455, 4.478586387882885, 9.054373262918304, 0.8101645692508908, 8.019269515391976, 1.0527812085941632, 9.072543307233229, 2.9288708300272193, 3.3899654049190944]]
R [[11.793827902445575, 6.406998592717185, 9.020056131978372, 2.9706644164296496, 11.446486715040708, 0.477398272014133, 11.407968879065391, 2.7130759727185225, 5.892066916843713]]|[[11.793827902445575, 6.406998592717185, 9.020056131978372, 2.9706644164296496, 11.446486715040708, 0.477398272014133, 11.407968879065391, 2.7130759727185225, 5.892066916843713]]|[[11.793827902445575, 6.406998592717185, 9.020056131978372, 2.9706644164296496, 11.446486715040708, 0.477398272014133, 11.407968879065391, 2.7130759727185225, 5.892066916843713]]
R [[10.58082140879714, 9.669686670184866, 11.752334229655785, 2.874511552429758, 3.522527561739375, 11.194036705966667, 3.905295886391346, 0.9143115697868365, 7.0547842083337]]|[[10.58082140879714, 9.669686670184866, 11.752334229655785, 2.874511552429758, 3.522527561739375, 11.194036705966667, 3.905295886391346, 0.9143115697868365, 7.0547842083337]]|[[10.58082140879714, 9.669686670184866, 11.752334229655785, 2.874511552429758, 3.522527561739375, 11.194036705966667, 3.905295886391346, 0.9143115697868365, 7.0547842083337]]
R [[4.703300189688259, 2.5319000523144104, 11.284927870806294, 4.988191221253189, 1.6362018766161022, 5.194502611018018, 0.9507610264197122, 0.91574606956156, 11.057840495752384]]|[[4.703300189688259, 2.5319000523144104, 11.284927870806294, 4.988191221253189, 1.6362018766161022, 5.194502611018018, 0.9507610264197122, 0.91574606956156, 11.057840495752384]]|[[4.703300189688259, 2.5319000523144104, 11.284927870806294, 4.988191221253189, 1.6362018766161022, 5.194502611018018, 0.9507610264197122, 0.91574606956156, 11.057840495752384]]
R [[2.0562199946646027, 0.4112126085272596, 4.663117585740331, 3.999242979653261, 11.887442362243645, 5.993410259753519, 2.667057466852343, 9.774081655143329, 2.523737320203834]]|[[2.0562199946646027, 0.4112126085272596, 4.663117585740331, 3.999242979653261, 11.887442362243645, 5.993410259753519, 2.667057466852343, 9.774081655143329, 2.523737320203834]]|[[2.0562199946646027, 0.4112126085272596, 4.663117585740331, 3.999242979653261, 11.887442362243645, 5.993410259753519, 2.667057466852343, 9.774081655143329, 2.523737320203834]]
R [[11.431703316532985, 0.6148376763885772, 7.363749476494444, 4.219839374414766, 9.43683482934391, 7.229399474459624, 3.1521081726388775, 6.005881102673039, 11.099217430761986]]|[[11.431703316532985, 0.6148376763885772, 7.363749476494444, 4.219839374414766, 9.43683482934391, 7.229399474459624, 3.1521081726388775, 6.005881102673039, 11.099217430761986]]|[[11.431703316532985, 0.6148376763885772, 7.363749476494444, 4.219839374414766, 9.43683482934391, 7.229399474459624, 3.1521081726388775, 6.005881102673039, 11.099217430761986]]
R [[5.42105750798061, 11.411272428719226, 2.9101582694355685, 1.9770070895811869, 9.254127869311663, 0.02887221439408405, 2.2510596281774156, 9.560129716776824, 4.456838672008535]]|[[5.42105750798061, 11.411272428719226, 2.9101582694355685, 1.9770070895811869, 9.254127869311663, 0.02887221439408405, 2.2510596281774156, 9.560129716776824, 4.456838672008535]]|[[5.42105750798061, 11.411272428719226, 2.9101582694355685, 1.9770070895811869, 9.254127869311663, 0.02887221439408405, 2.2510596281774156, 9.560129716776824, 4.456838672008535]]
R [[5.937058335757117, 4.252221946903179, 10.333111364577446, 3.437537009129464, 10.580027566750257, 6.573244257216123, 6.497358929692738, 6.293646076988772, 2.253074003242315]]|[[5.937058335757117, 4.252221946903179, 10.333111364577446, 3.437537009129464, 10.580027566750257, 6.573244257216123, 6.497358929692738, 6.293646076988772, 2.253074003242315]]|[[5.937058335757117, 4.252221946903179, 10.333111364577446, 3.437537009129464, 10.580027566750257, 6.573244257216123, 6.497358929692738, 6.293646076988772, 2.253074003242315]]
R [[6.957609307554314, 10.089019308768469, 0.2559978857820151, 10.326973111208567, 2.795694819911974, 0.8354883057070759, 8.90208558046274, 7.473710427320099, 9.962458276473255]]|[[6.957609307554314, 10.089019308768469, 0.2559978857820151, 10.326973111208567, 2.795694819911974, 0.8354883057070759, 8.90208558046274, 7.473710427320099, 9.962458276473255]]|[[6.957609307554314, 10.089019308768469, 0.2559978857820151, 10.326973111208567, 2.795694819911974, 0.8354883057070759, 8.90208558046274, 7.473710427320099, 9.962458276473255]]
R [[7.140283773358369, 4.000616775864391, 10.530480327946881, 0.5814215874731903, 7.777718178043734, 2.5813437500455345, 9.771002022013974, 8.891081694382326, 8.011404394621007]]|[[7.140283773358369, 4.000616775864391, 10.530480327946881, 0.5814215874731903, 7.777718178043734, 2.5813437500455345, 9.771002022013974, 8.891081694382326, 8.011404394621007]]|[[7.140283773358369, 4.000616775864391, 10.530480327946881, 0.5814215874731903, 7.777718178043734, 2.5813437500455345, 9.771002022013974, 8.891081694382326, 8.011404394621007]]
R [[0.9722999463230813, 0.8129843481148717, 3.175489558996999, 10.964881067930019, 3.846283560627047, 4.273464729095258, 1.8460375730273086, 3.5389186717069365, 3.967244274536773]]|[[0.9722999463230813, 0.8129843481148717, 3.175489558996999, 10.964881067930019, 3.846283560627047, 4.273464729095258, 1.8460375730273086, 3.5389186717069365, 3.967244274536773]]|[[0.9722999463230813, 0.8129843481148717, 3.175489558996999, 10.964881067930019, 3.846283560627047, 4.273464729095258, 1.8460375730273086, 3.5389186717069365, 3.967244274536773]]
R [[2.931350315314214, 11.942694754197223, 8.630117895076927, 7.648542258320856, 2.585570025825916, 2.072934685966755, 9.370606471007697, 3.5406334936669044, 4.523337139907644]]|[[2.931350315314214, 11.942694754197223, 8.630117895076927, 7.648542258320856, 2.585570025825916, 2.072934685966755, 9.370606471007697, 3.5406334936669044, 4.523337139907644]]|[[2.931350315314214, 11.942694754197223, 8.630117895076927, 7.648542258320856, 2.585570025825916, 2.072934685966755, 9.370606471007697, 3.5406334936669044, 4.523337139907644]]
R [[9.476641363748165, 3.594226359713076, 3.7451331448990666, 9.949494165709723, 5.197833961651257, 7.524949922294722, 10.855791822632861, 8.249618064306382, 11.26583845606022]]|[[9.476641363748165, 3.594226359713076, 3.7451331448990666, 9.949494165709723, 5.197833961651257, 7.524949922294722, 10.855791822632861, 8.249618064306382, 11.26583845606022]]|[[9.476641363748165, 3.594226359713076, 3.7451331448990666, 9.949494165709723, 5.197833961651257, 7.524949922294722, 10.855791822632861, 8.249618064306382, 11.26583845606022]]
R [[2.477239077427092, 4.0833297477093495, 11.972890524675362, 11.348905093206206, 11.856341694565714, 5.3335536510851185, 6.175765066261858, 4.610947166512762, 6.785197651807868]]|[[2.477239077427092, 4.0833297477093495, 11.972890524675362, 11.348905093206206, 11.856341694565714, 5.3335536510851185, 6.175765066261858, 4.610947166512762, 6.785197651807868]]|[[2.477239077427092, 4.0833297477093495, 11.972890524675362, 11.348905093206206, 11.856341694565714, 5.3335536510851185, 6.175765066261858, 4.610947166512762, 6.785197651807868]]
R [[2.7980002579095107, 6.570701894342726, 8.218827904902895, 4.546917955542751, 9.039014224544488, 2.329036208494278, 8.110548203417878, 1.9594415975895516, 3.9307079882365943]]|[[2.7980002579095107, 6.570701894342726, 8.218827904902895, 4.546917955542751, 9.039014224544488, 2.329036208494278, 8.110548203417878, 1.9594415975895516, 3.9307079882365943]]|[[2.7980002579095107, 6.570701894342726, 8.218827904902895, 4.546917955542751, 9.039014224544488, 2.329036208494278, 8.110548203417878, 1.9594415975895516, 3.9307079882365943]]
R [[3.603473354934993, 5.113794024797766, 3.2997422060136383, 0.39667999523987785, 10.07632678497027, 5.437580704462859, 6.202582337049771, 8.631464914273746, 11.5748873128993]]|[[3.603473354934993, 5.113794024797766, 3.2997422060136383, 0.39667999523987785, 10.07632678497027, 5.437580704462859, 6.202582337049771, 8.631464914273746, 11.5748873128993]]|[[3.603473354934993, 5.113794024797766, 3.2997422060136383, 0.39667999523987785, 10.07632678497027, 5.437580704462859, 6.202582337049771, 8.631464914273746, 11.5748873128993]]
R [[3.3251331911417266, 1.211615461717181, 10.765119047310229, 10.63284322136976, 6.5580080122426745, 11.0309693569047, 11.955042528530566, 3.460211711903703, 9.30881217469091]]|[[3.3251331911417266, 1.211615461717181, 10.765119047310229, 10.63284322136976, 6.5580080122426745, 11.0309693569047, 11.955042528530566, 3.460211711903703, 9.30881217469091]]|[[3.3251331911417266, 1.211615461717181, 10.765119047310229, 10.63284322136976, 6.5580080122426745, 11.0309693569047, 11.955042528530566, 3.460211711903703, 9.30881217469091]]
R [[5.765092013854195, 8.172727353536215, 3.1758528988363532, 11.398544003338149, 10.992984988467239, 4.469583203445477, 8.354909276899543, 6.861238836940366, 6.74452543444019]]|[[5.765092013854195, 8.172727353536215, 3.1758528988363532, 11.398544003338149, 10.992984988467239, 4.469583203445477, 8.354909276899543, 6.861238836940366, 6.74452543444019]]|[[5.765092013854195, 8.172727353536215, 3.1758528988363532, 11.398544003338149, 10.992984988467239, 4.469583203445477, 8.354909276899543, 6.861238836940366, 6.74452543444019]]
R [[10.67420235872563, 10.651386354006558, 8.774019918626786, 8.048433998479801, 5.762069725507831, 5.470076090794803, 3.451119658237947, 6.4124886757605495, 1.5532709462773324]]|[[10.67420235872563, 10.651386354006558, 8.774019918626786, 8.048433998479801, 5.762069725507831, 5.470076090794803, 3.451119658237947, 6.4124886757605495, 1.5532709462773324]]|[[10.67420235872563, 10.651386354006558, 8.774019918626786, 8.048433998479801, 5.762069725507831, 5.470076090794803, 3.451119658237947, 6.4124886757605495, 1.5532709462773324]]
R [[1.076820462305061, 11.679806923148682, 10.409250848441921, 9.87128843345195, 7.283179068122143, 6.0781327149553315, 3.0912051564298637, 3.19678629279993, 8.816086744459701]]|[[1.076820462305061, 11.679806923148682, 10.409250848441921, 9.87128843345195, 7.283179068122143, 6.0781327149553315, 3.0912051564298637, 3.19678629279993, 8.816086744459701]]|[[1.076820462305061, 11.679806923148682, 10.409250848441921, 9.87128843345195, 7.283179068122143, 6.0781327149553315, 3.0912051564298637, 3.19678629279993, 8.816086744459701]]
R [[11.33180936143557, 8.801826256694534, 7.3768184541401425, 2.1371544318552096, 8.181943459985616, 6.516408618889358, 5.486333234648342, 3.314296633110003, 3.666578925161359]]|[[11.33180936143557, 8.801826256694534, 7.3768184541401425, 2.1371544318552096, 8.181943459985616, 6.516408618889358, 5.486333234648342, 3.314296633110003, 3.666578925161359]]|[[11.33180936143557, 8.801826256694534, 7.3768184541401425, 2.1371544318552096, 8.181943459985616, 6.516408618889358, 5.486333234648342, 3.314296633110003, 3.666578925161359]]
R [[11.85861157513515, 5.454012102270923, 10.040717897951113, 3.4455520534718937, 3.489676023236632, 5.583295608520096, 10.62532412427478, 8.497629862722953, 4.962542167368076]]|[[11.85861157513515, 5.454012102270923, 10.040717897951113, 3.4455520534718937, 3.489676023236632, 5.583295608520096, 10.62532412427478, 8.497629862722953, 4.962542167368076]]|[[11.85861157513515, 5.454012102270923, 10.040717897951113, 3.4455520534718937, 3.489676023236632, 5.583295608520096, 10.62532412427478, 8.497629862722953, 4.962542167368076]]
R [[3.9171741529685, 11.539972369042493, 6.509445028625936, 0.36989700331449615, 8.401648830385426, 8.03612671524692, 7.887119803512503, 4.300222872641278, 6.3508521063462435]]|[[3.9171741529685, 11.539972369042493, 6.509445028625936, 0.36989700331449615, 8.401648830385426, 8.03612671524692, 7.887119803512503, 4.300222872641278, 6.3508521063462435]]|[[3.9171741529685, 11.539972369042493, 6.509445028625936, 0.36989700331449615, 8.401648830385426, 8.03612671524692, 7.887119803512503, 4.300222872641278, 6.3508521063462435]]
R [[8.45173629301405, 5.6876564705917145, 5.601126761927668, 0.3462628276002535, 4.780552148953163, 7.177034431599094, 7.3079136153810555, 5.532558988983327, 2.034229880880142]]|[[8.45173629301405, 5.6876564705917145, 5.601126761927668, 0.3462628276002535, 4.780552148953163, 7.177034431599094, 7.3079136153810555, 5.532558988983327, 2.034229880880142]]|[[8.45173629301405, 5.6876564705917145, 5.601126761927668, 0.3462628276002535, 4.780552148953163, 7.177034431599094, 7.3079136153810555, 5.532558988983327, 2.034229880880142]]
R [[4.672840992329701, 7.669353231896114, 10.66944121883536, 10.751473618863935, 9.583567909948313, 3.2892394397567872, 7.105592993476024, 9.809793838204, 8.927919232417114]]|[[4.672840992329701, 7.669353231896114, 10.66944121883536, 10.751473618863935, 9.583567909948313, 3.2892394397567872, 7.105592993476024, 9.809793838204, 8.927919232417114]]|[[4.672840992329701, 7.669353231896114, 10.66944121883536, 10.751473618863935, 9.583567909948313, 3.2892394397567872, 7.105592993476024, 9.809793838204, 8.927919232417114]]
R [[10.86622448877619, 5.149781963107413, 2.2926074557397382, 6.399332965196814, 10.314453427383532, 9.036579963310922, 5.958128829557209, 7.688429890728351, 0.8533446824725872]]|[[10.86622448877619, 5.149781963107413, 2.2926074557397382, 6.399332965196814, 10.314453427383532, 9.036579963310922, 5.958128829557209, 7.688429890728351, 0.8533446824725872]]|[[10.86622448877619, 5.149781963107413, 2.2926074557397382, 6.399332965196814, 10.314453427383532, 9.036579963310922, 5.958128829557209, 7.688429890728351, 0.8533446824725872]]
R [[10.178108648563247, 10.595329283333337, 0.7499035706786334, 6.854023645443393, 11.621998080527213, 4.842954665450538, 1.810284078630092, 3.4666625288060735, 8.715702732886735]]|[[10.178108648563247, 10.595329283333337, 0.7499035706786334, 6.854023645443393, 11.621998080527213, 4.842954665450538, 1.810284078630092, 3.4666625288060735, 8.715702732886735]]|[[10.178108648563247, 10.595329283333337, 0.7499035706786334, 6.854023645443393, 11.621998080527213, 4.842954665450538, 1.810284078630092, 3.4666625288060735, 8.715702732886735]]
R [[4.043363661462125, 4.378081856746007, 8.823341039664093, 8.675085216891288, 0.34259562631170004, 7.291044719647539, 2.5826307803177393, 0.11628935624710879, 0.6084402133501241]]|[[4.043363661462125, 4.378081856746007, 8.823341039664093, 8.675085216891288, 0.34259562631170004, 7.291044719647539, 2.5826307803177393, 0.11628935624710879, 0.6084402133501241]]|[[4.043363661462125, 4.378081856746007, 8.823341039664093, 8.675085216891288, 0.34259562631170004, 7.291044719647539, 2.5826307803177393, 0.11628935624710879, 0.6084402133501241]]
R [[5.8731458051050165, 7.12576315838991, 2.7250895324297524, 9.04451319429704, 3.0158546024388766, 3.2946095065568386, 10.75709349991381, 3.8282763196976664, 2.945365478443418]]|[[5.8731458051050165, 7.12576315838991, 2.7250895324297524, 9.04451319429704, 3.0158546024388766, 3.2946095065568386, 10.75709349991381, 3.8282763196976664, 2.945365478443418]]|[[5.8731458051050165, 7.12576315838991, 2.7250895324297524, 9.04451319429704, 3.0158546024388766, 3.2946095065568386, 10.75709349991381, 3.8282763196976664, 2.945365478443418]]
R [[6.7202601876766455, 10.37092689373071, 6.34172038111293, 10.49358546264522, 0.4768061881711749, 8.572117134433293, 11.671041856818956, 0.7099102111387983, 0.4036175905957715]]|[[6.7202601876766455, 10.37092689373071, 6.34172038111293, 10.49358546264522, 0.4768061881711749, 8.572117134433293, 11.671041856818956, 0.7099102111387983, 0.4036175905957715]]|[[6.7202601876766455, 10.37092689373071, 6.34172038111293, 10.49358546264522, 0.4768061881711749, 8.572117134433293, 11.671041856818956, 0.7099102111387983, 0.4036175905957715]]
R [[9.382703817971215, 6.266211039964813, 8.94103397915784, 1.6354531245321597, 3.7341751492197055, 1.697033949569951, 9.340688881334, 11.041786138673775, 7.442991297101612]]|[[9.382703817971215, 6.266211039964813, 8.94103397915784, 1.6354531245321597, 3.7341751492197055, 1.697033949569951, 9.340688881334, 11.041786138673775, 7.442991297101612]]|[[9.382703817971215, 6.266211039964813, 8.94103397915784, 1.6354531245321597, 3.7341751492197055, 1.697033949569951, 9.340688881334, 11.041786138673775, 7.442991297101612]]
R [[8.516610652355498, 1.8788018164743625, 5.625892852258641, 1.7317684219462, 0.21383092963535466, 11.060911525240854, 8.394750531593932, 2.1916701638792784, 3.663452650925946]]|[[8.516610652355498, 1.8788018164743625, 5.625892852258641, 1.7317684219462, 0.21383092963535466, 11.060911525240854, 8.394750531593932, 2.1916701638792784, 3.663452650925946]]|[[8.516610652355498, 1.8788018164743625, 5.625892852258641, 1.7317684219462, 0.21383092963535466, 11.060911525240854, 8.394750531593932, 2.1916701638792784, 3.663452650925946]]
R [[4.528211136335461, 4.974051564126057, 9.765264912641722, 1.826345880383729, 1.0102567717136322, 7.521175338101042, 5.55964815244239, 5.898430769809882, 4.629915665082892]]|[[4.528211136335461, 4.974051564126057, 9.765264912641722, 1.826345880383729, 1.0102567717136322, 7.521175338101042, 5.55964815244239, 5.898430769809882, 4.629915665082892]]|[[4.528211136335461, 4.974051564126057, 9.765264912641722, 1.826345880383729, 1.0102567717136322, 7.521175338101042, 5.55964815244239, 5.898430769809882, 4.629915665082892]]
R [[4.003770528048072, 9.924432154253886, 0.32516875919091515, 5.199480653934005, 0.5042131980210858, 6.441884321356994, 1.8431711535933522, 4.702119645665018, 7.49065780498923]]|[[4.003770528048072, 9.924432154253886, 0.32516875919091515, 5.199480653934005, 0.5042131980210858, 6.441884321356994, 1.8431711535933522, 4.702119645665018, 7.49065780498923]]|[[4.003770528048072, 9.924432154253886, 0.32516875919091515, 5.199480653934005, 0.5042131980210858, 6.441884321356994, 1.8431711535933522, 4.702119645665018, 7.49065780498923]]
R [[3.729301162490042, 10.84780029508661, 11.522171119895276, 10.772160006126798, 11.052538505728712, 5.8583719937476655, 0.7947369033739631, 4.48347612761666, 1.1146554610383883]]|[[3.729301162490042, 10.84780029508661, 11.522171119895276, 10.772160006126798, 11.052538505728712, 5.8583719937476655, 0.7947369033739631, 4.48347612761666, 1.1146554610383883]]|[[3.729301162490042, 10.84780029508661, 11.522171119895276, 10.772160006126798, 11.052538505728712, 5.8583719937476655, 0.7947369033739631, 4.48347612761666, 1.1146554610383883]]
R [[8.94434460624866, 9.18236035529916, 5.0346773049884455, 11.315087733994936, 0.3122212988990207, 10.777711554733099, 4.31424666451807, 7.529777643673194, 3.815376804913681]]|[[8.94434460624866, 9.18236035529916, 5.0346773049884455, 11.315087733994936, 0.3122212988990207, 10.777711554733099, 4.31424666451807, 7.529777643673194, 3.815376804913681]]|[[8.94434460624866, 9.18236035529916, 5.0346773049884455, 11.315087733994936, 0.3122212988990207, 10.777711554733099, 4.31424666451807, 7.529777643673194, 3.815376804913681]]
R [[1.4697323812724834, 4.665274000550584, 8.355970749222344, 10.476276804853333, 2.4666821735961597, 1.5948808093973952, 1.0097665722831248, 4.2362637613652545, 11.104169550431282]]|[[1.4697323812724834, 4.665274000550584, 8.355970749222344, 10.476276804853333, 2.4666821735961597, 1.5948808093973952, 1.0097665722831248, 4.2362637613652545, 11.104169550431282]]|[[1.4697323812724834, 4.665274000550584, 8.355970749222344, 10.476276804853333, 2.4666821735961597, 1.5948808093973952, 1.0097665722831248, 4.2362637613652545, 11.104169550431282]]
R [[0.6439724423505906, 7.793148196797228, 11.857120260539505, 9.848430258343765, 1.9556211825698147, 2.3226755385468123, 4.51154076864287, 11.877862451744189, 2.4143082630243793]]|[[0.6439724423505906, 7.793148196797228, 11.857120260539505, 9.848430258343765, 1.9556211825698147, 2.3226755385468123, 4.51154076864287, 11.877862451744189, 2.4143082630243793]]|[[0.6439724423505906, 7.793148196797228, 11.857120260539505, 9.848430258343765, 1.9556211825698147, 2.3226755385468123, 4.51154076864287, 11.877862451744189, 2.4143082630243793]]
R [[2.3932413706287896, 3.343634147574141, 8.139033855245994, 9.980449838066264, 6.142273991256289, 2.244325586021319, 0.6677170710403417, 7.303420766203203, 11.548438554388877]]|[[2.3932413706287896, 3.343634147574141, 8.139033855245994, 9.980449838066264, 6.142273991256289, 2.244325586021319, 0.6677170710403417, 7.303420766203203, 11.548438554388877]]|[[2.3932413706287896, 3.343634147574141, 8.139033855245994, 9.980449838066264, 6.142273991256289, 2.244325586021319, 0.6677170710403417, 7.303420766203203, 11.548438554388877]]
R [[4.2569676121220725, 3.5167643871235352, 9.344202712777173, 9.635669491291651, 5.5482435623996995, 9.50651068105801, 7.069857681971625, 10.859473773265309, 1.394161258776509]]|[[4.2569676121220725, 3.5167643871235352, 9.344202712777173, 9.635669491291651, 5.5482435623996995, 9.50651068105801, 7.069857681971625, 10.859473773265309, 1.394161258776509]]|[[4.2569676121220725, 3.5167643871235352, 9.344202712777173, 9.635669491291651, 5.5482435623996995, 9.50651068105801, 7.069857681971625, 10.859473773265309, 1.394161258776509]]
R [[9.053624216152553, 5.75144870982084, 6.537801199145779, 4.2482578364905415, 11.165891014305256, 8.27664694065745, 10.140419015048748, 11.327926749184725, 5.53830290898123]]|[[9.053624216152553, 5.75144870982084, 6.537801199145779, 4.2482578364905415, 11.165891014305256, 8.27664694065745, 10.140419015048748, 11.327926749184725, 5.53830290898123]]|[[9.053624216152553, 5.75144870982084, 6.537801199145779, 4.2482578364905415, 11.165891014305256, 8.27664694065745, 10.140419015048748, 11.327926749184725, 5.53830290898123]]
R [[5.608636925443779, 2.959745512853351, 5.426928122044003, 11.146402659090272, 1.01108009261106, 11.227663039982763, 11.87626508069555, 1.0930713111788588, 3.3069907304159165]]|[[5.608636925443779, 2.959745512853351, 5.426928122044003, 11.146402659090272, 1.01108009261106, 11.227663039982763, 11.87626508069555, 1.0930713111788588, 3.3069907304159165]]|[[5.608636925443779, 2.959745512853351, 5.426928122044003, 11.146402659090272, 1.01108009261106, 11.227663039982763, 11.87626508069555, 1.0930713111788588, 3.3069907304159165]]
R [[7.535922321623697, 6.773997780930422, 9.028919981604982, 4.402885093883787, 5.079448388564563, 5.358667053017541, 1.2870676469387181, 5.976733069664528, 6.414524999184522]]|[[7.535922321623697, 6.773997780930422, 9.028919981604982, 4.402885093883787, 5.079448388564563, 5.358667053017541, 1.2870676469387181, 5.976733069664528, 6.414524999184522]]|[[7.535922321623697, 6.773997780930422, 9.028919981604982, 4.402885093883787, 5.079448388564563, 5.358667053017541, 1.2870676469387181, 5.976733069664528, 6.414524999184522]]
R [[7.821660635171167, 1.8603810108715013, 4.20676800166955, 5.582173689193322, 3.442467124665565, 9.60472950392598, 5.0617556467867875, 5.626168163959571, 6.040134948911472]]|[[7.821660635171167, 1.8603810108715013, 4.20676800166955, 5.582173689193322, 3.442467124665565, 9.60472950392598, 5.0617556467867875, 5.626168163959571, 6.040134948911472]]|[[7.821660635171167, 1.8603810108715013, 4.20676800166955, 5.582173689193322, 3.442467124665565, 9.60472950392598, 5.0617556467867875, 5.626168163959571, 6.040134948911472]]
R [[9.298247300071768, 1.3508535621211135, 6.080805080351517, 11.184604034117047, 8.051111016840984, 5.0684001749494385, 5.861730698271823, 0.43241903009803506, 8.860809957393553]]|[[9.298247300071768, 1.3508535621211135, 6.080805080351517, 11.184604034117047, 8.051111016840984, 5.0684001749494385, 5.861730698271823, 0.43241903009803506, 8.860809957393553]]|[[9.298247300071768, 1.3508535621211135, 6.080805080351517, 11.184604034117047, 8.051111016840984, 5.0684001749494385, 5.861730698271823, 0.43241903009803506, 8.860809957393553]]
R [[0.7923114051187694, 8.47175706175049, 1.1319909985687375, 10.320194816271446, 8.409860097110588, 4.063386425949966, 8.787508765191173, 7.844718403372899, 9.388945147209112]]|[[0.7923114051187694, 8.47175706175049, 1.1319909985687375, 10.320194816271446, 8.409860097110588, 4.063386425949966, 8.787508765191173, 7.844718403372899, 9.388945147209112]]|[[0.7923114051187694, 8.47175706175049, 1.1319909985687375, 10.320194816271446, 8.409860097110588, 4.063386425949966, 8.787508765191173, 7.844718403372899, 9.388945147209112]]
R [[6.233178636698676, 3.8810708456063256, 0.718744393104723, 3.3977084252910443, 5.122490193115118, 3.6951165290184647, 5.049935568980462, 3.462880396239901, 7.303319352183527]]|[[6.233178636698676, 3.8810708456063256, 0.718744393104723, 3.3977084252910443, 5.122490193115118, 3.6951165290184647, 5.049935568980462, 3.462880396239901, 7.303319352183527]]|[[6.233178636698676, 3.8810708456063256, 0.718744393104723, 3.3977084252910443, 5.122490193115118, 3.6951165290184647, 5.049935568980462, 3.462880396239901, 7.303319352183527]]
R [[6.975165619149819, 0.8912486040696881, 8.53533128727347, 5.832244919713199, 5.49676314554128, 2.874026392490571, 6.451836064790035, 6.942421441343386, 3.4061087217956842]]|[[6.975165619149819, 0.8912486040696881, 8.53533128727347, 5.832244919713199, 5.49676314554128, 2.874026392490571, 6.451836064790035, 6.942421441343386, 3.4061087217956842]]|[[6.975165619149819, 0.8912486040696881, 8.53533128727347, 5.832244919713199, 5.49676314554128, 2.874026392490571, 6.451836064790035, 6.942421441343386, 3.4061087217956842]]
R [[7.424625086787861, 9.67280935753862, 5.181269446791349, 0.2784614791292088, 3.0959384543712067, 11.694348979278537, 6.2565357266844295, 4.766433681152078, 1.3625936182877925]]|[[7.424625086787861, 9.67280935753862, 5.181269446791349, 0.2784614791292088, 3.0959384543712067, 11.694348979278537, 6.2565357266844295, 4.766433681152078, 1.3625936182877925]]|[[7.424625086787861, 9.67280935753862, 5.181269446791349, 0.2784614791292088, 3.0959384543712067, 11.694348979278537, 6.2565357266844295, 4.766433681152078, 1.3625936182877925]]
R [[10.908910483467192, 0.13885567535338295, 7.086089236375337, 10.616629319344124, 9.368583144303102, 6.7911627643111965, 6.6175709784295025, 4.7049105586880255, 3.0727082319638512]]|[[10.908910483467192, 0.13885567535338295, 7.086089236375337, 10.616629319344124, 9.368583144303102, 6.7911627643111965, 6.6175709784295025, 4.7049105586880255, 3.0727082319638512]]|[[10.908910483467192, 0.13885567535338295, 7.086089236375337, 10.616629319344124, 9.368583144303102, 6.7911627643111965, 6.6175709784295025, 4.7049105586880255, 3.0727082319638512]]
R [[6.382942918950324, 11.77410717870804, 0.7543583507673155, 5.293833865182506, 5.9895941369053265, 3.9988804933346183, 6.929966426021709, 7.827113581140047, 4.705717016003291]]|[[6.382942918950324, 11.77410717870804, 0.7543583507673155, 5.293833865182506, 5.9895941369053265, 3.9988804933346183, 6.929966426021709, 7.827113581140047, 4.705717016003291]]|[[6.382942918950324, 11.77410717870804, 0.7543583507673155, 5.293833865182506, 5.9895941369053265, 3.9988804933346183, 6.929966426021709, 7.827113581140047, 4.705717016003291]]
R [[4.4470446295415975, 11.894039898691513, 3.5350045347882366, 7.64598069914621, 4.249003744694959, 9.125009481117146, 10.697008959039135, 11.50143547023469, 3.8758489212608938]]|[[4.4470446295415975, 11.894039898691513, 3.5350045347882366, 7.64598069914621, 4.249003744694959, 9.125009481117146, 10.697008959039135, 11.50143547023469, 3.8758489212608938]]|[[4.4470446295415975, 11.894039898691513, 3.5350045347882366, 7.64598069914621, 4.249003744694959, 9.125009481117146, 10.697008959039135, 11.50143547023469, 3.8758489212608938]]
R [[8.973862347220457, 2.546235846986376, 6.077945153043703, 7.348500484407113, 5.384740973484572, 6.836060472581249, 1.6625399388623254, 10.98373132704355, 2.541273091756919]]|[[8.973862347220457, 2.546235846986376, 6.077945153043703, 7.348500484407113, 5.384740973484572, 6.836060472581249, 1.6625399388623254, 10.98373132704355, 2.541273091756919]]|[[8.973862347220457, 2.546235846986376, 6.077945153043703, 7.348500484407113, 5.384740973484572, 6.836060472581249, 1.6625399388623254, 10.98373132704355, 2.541273091756919]]
R [[5.343768385509022, 10.381249491882526, 3.0006944254370467, 5.564781783554265, 1.1684439441539323, 5.533799102327431, 5.795094552558542, 10.66952852819908, 5.508896171295566]]|[[5.343768385509022, 10.381249491882526, 3.0006944254370467, 5.564781783554265, 1.1684439441539323, 5.533799102327431, 5.795094552558542, 10.66952852819908, 5.508896171295566]]|[[5.343768385509022, 10.381249491882526, 3.0006944254370467, 5.564781783554265, 1.1684439441539323, 5.533799102327431, 5.795094552558542, 10.66952852819908, 5.508896171295566]]
R [[7.119005781396695, 7.949248219254252, 6.252868087591681, 4.351865855360276, 11.100841196821163, 11.453879461110906, 4.263383755424771, 7.791119591559806, 10.410118070565025]]|[[7.119005781396695, 7.949248219254252, 6.252868087591681, 4.351865855360276, 11.100841196821163, 11.453879461110906, 4.263383755424771, 7.791119591559806, 10.410118070565025]]|[[7.119005781396695, 7.949248219254252, 6.252868087591681, 4.351865855360276, 11.100841196821163, 11.453879461110906, 4.263383755424771, 7.791119591559806, 10.410118070565025]]
R [[1.4795929840521955, 1.879927930971244, 11.47788578090969, 6.838643643984815, 2.896393649140252, 6.678135147954044, 0.7177614292327101, 1.921745557025746, 1.446378759850219]]|[[1.4795929840521955, 1.879927930971244, 11.47788578090969, 6.838643643984815, 2.896393649140252, 6.678135147954044, 0.7177614292327101, 1.921745557025746, 1.446378759850219]]|[[1.4795929840521955, 1.879927930971244, 11.47788578090969, 6.838643643984815, 2.896393649140252, 6.678135147954044, 0.7177614292327101, 1.921745557025746, 1.446378759850219]]
R [[1.9382392286750707, 11.608468113825973, 5.408657912866071, 3.243000374910974, 8.708185724360664, 4.64431031878987, 4.43210152936955, 9.670263143686471, 4.998459002019654]]|[[1.9382392286750707, 11.608468113825973, 5.408657912866071, 3.243000374910974, 8.708185724360664, 4.64431031878987, 4.43210152936955, 9.670263143686471, 4.998459002019654]]|[[1.9382392286750707, 11.608468113825973, 5.408657912866071, 3.243000374910974, 8.708185724360664, 4.64431031878987, 4.43210152936955, 9.670263143686471, 4.998459002019654]]
R [[2.779547419176833, 5.70345631584265, 5.281365793532865, 1.1681331261373118, 9.5601156592098, 2.870994589448342, 3.2988312624938514, 4.3310380489620535, 0.20573569905370714]]|[[2.779547419176833, 5.70345631584265, 5.281365793532865, 1.1681331261373118, 9.5601156592098, 2.870994589448342, 3.2988312624938514, 4.3310380489620535, 0.20573569905370714]]|[[2.779547419176833, 5.70345631584265, 5.281365793532865, 1.1681331261373118, 9.5601156592098, 2.870994589448342, 3.2988312624938514, 4.3310380489620535, 0.20573569905370714]]
R [[4.668663272836446, 0.959968779764556, 0.9977568496902021, 9.1799733224929, 7.594279101533777, 5.432159737684211, 8.080235035609416, 11.17622923729891, 3.6384869347983058]]|[[4.668663272836446, 0.959968779764556, 0.9977568496902021, 9.1799733224929, 7.594279101533777, 5.432159737684211, 8.080235035609416, 11.17622923729891, 3.6384869347983058]]|[[4.668663272836446, 0.959968779764556, 0.9977568496902021, 9.1799733224929, 7.594279101533777, 5.432159737684211, 8.080235035609416, 11.17622923729891, 3.6384869347983058]]
R [[2.03677760738887, 3.193348692249585, 8.792308492307514, 1.6515864740295356, 9.75599239318285, 4.140218222978694, 5.16711323588801, 6.30250203088621, 6.7636579206715615]]|[[2.03677760738887, 3.193348692249585, 8.792308492307514, 1.6515864740295356, 9.75599239318285, 4.140218222978694, 5.16711323588801, 6.30250203088621, 6.7636579206715615]]|[[2.03677760738887, 3.193348692249585, 8.792308492307514, 1.6515864740295356, 9.75599239318285, 4.140218222978694, 5.16711323588801, 6.30250203088621, 6.7636579206715615]]
R [[10.285738641736229, 0.6238542579481137, 2.4883097857618592, 0.38408889557492554, 7.7535034364133235, 0.3836015023356256, 3.379518030471588, 1.660085801388298, 1.2225327249800064]]|[[10.285738641736229, 0.6238542579481137, 2.4883097857618592, 0.38408889557492554, 7.7535034364133235, 0.3836015023356256, 3.379518030471588, 1.660085801388298, 1.2225327249800064]]|[[10.285738641736229, 0.6238542579481137, 2.4883097857618592, 0.38408889557492554, 7.7535034364133235, 0.3836015023356256, 3.379518030471588, 1.660085801388298, 1.2225327249800064]]
R [[9.98155823261137, 11.111605186642494, 10.851056144497738, 3.888173098092422, 2.113135468838783, 4.461468410703677, 2.5780902391271585, 3.436588728660104, 8.082259021394409]]|[[9.98155823261137, 11.111605186642494, 10.851056144497738, 3.888173098092422, 2.113135468838783, 4.461468410703677, 2.5780902391271585, 3.436588728660104, 8.082259021394409]]|[[9.98155823261137, 11.111605186642494, 10.851056144497738, 3.888173098092422, 2.113135468838783, 4.461468410703677, 2.5780902391271585, 3.436588728660104, 8.082259021394409]]
R [[2.551530410690203, 11.290347561011142, 6.706031453262069, 8.983099718885379, 5.345896646190561, 9.438967666032251, 5.1694262866248515, 3.696785294777037, 9.709217608370114]]|[[2.551530410690203, 11.290347561011142, 6.706031453262069, 8.983099718885379, 5.345896646190561, 9.438967666032251, 5.1694262866248515, 3.696785294777037, 9.709217608370114]]|[[2.551530410690203, 11.290347561011142, 6.706031453262069, 8.983099718885379, 5.345896646190561, 9.438967666032251, 5.1694262866248515, 3.696785294777037, 9.709217608370114]]
R [[5.126138648468663, 8.09580273442551, 9.395934867493784, 8.137850672406476, 6.030491751574846, 9.049952758783405, 11.761742544914902, 1.0891268883727037, 11.173367863754716]]|[[5.126138648468663, 8.09580273442551, 9.395934867493784, 8.137850672406476, 6.030491751574846, 9.049952758783405, 11.761742544914902, 1.0891268883727037, 11.173367863754716]]|[[5.126138648468663, 8.09580273442551, 9.395934867493784, 8.137850672406476, 6.030491751574846, 9.049952758783405, 11.761742544914902, 1.0891268883727037, 11.173367863754716]]
R [[7.963170429265903, 8.294961549976254, 7.960079293623678, 1.4455878602681196, 11.383822605584065, 7.370486301737335, 8.096493429425092, 2.0352482976476223, 2.1166039186441865]]|[[7.963170429265903, 8.294961549976254, 7.960079293623678, 1.4455878602681196, 11.383822605584065, 7.370486301737335, 8.096493429425092, 2.0352482976476223, 2.1166039186441865]]|[[7.963170429265903, 8.294961549976254, 7.960079293623678, 1.4455878602681196, 11.383822605584065, 7.370486301737335, 8.096493429425092, 2.0352482976476223, 2.1166039186441865]]
R [[10.794891187940197, 9.500923652896585, 3.3354712224197502, 10.210043464242947, 7.496931821467166, 8.684442944083367, 2.3771530410486266, 8.198970679299823, 11.151985585487035]]|[[10.794891187940197, 9.500923652896585, 3.3354712224197502, 10.210043464242947, 7.496931821467166, 8.684442944083367, 2.3771530410486266, 8.198970679299823, 11.151985585487035]]|[[10.794891187940197, 9.500923652896585, 3.3354712224197502, 10.210043464242947, 7.496931821467166, 8.684442944083367, 2.3771530410486266, 8.198970679299823, 11.151985585487035]]
R [[1.3784235322902911, 3.4432045155448665, 8.27529268764068, 6.179405545466412, 3.033068691042501, 4.538105585426185, 8.305119798654207, 6.550441021195525, 11.374312694665095]]|[[1.3784235322902911, 3.4432045155448665, 8.27529268764068, 6.179405545466412, 3.033068691042501, 4.538105585426185, 8.305119798654207, 6.550441021195525, 11.374312694665095]]|[[1.3784235322902911, 3.4432045155448665, 8.27529268764068, 6.179405545466412, 3.033068691042501, 4.538105585426185, 8.305119798654207, 6.550441021195525, 11.374312694665095]]
R [[1.1646514055356052, 11.710813941751796, 9.498524778372369, 10.346647193432496, 0.826892350312157, 9.459349228783887, 4.871461581705972, 6.1106391644931914, 5.098626478816587]]|[[1.1646514055356052, 11.710813941751796, 9.498524778372369, 10.346647193432496, 0.826892350312157, 9.459349228783887, 4.871461581705972, 6.1106391644931914, 5.098626478816587]]|[[1.1646514055356052, 11.710813941751796, 9.498524778372369, 10.346647193432496, 0.826892350312157, 9.459349228783887, 4.871461581705972, 6.1106391644931914, 5.098626478816587]]
R [[3.9020463574065234, 11.694432245240838, 2.5434241880241713, 3.8550890879450868, 11.3973565987366, 10.688684298124372, 7.985365935511931, 10.528549368565601, 9.086589227160134]]|[[3.9020463574065234, 11.694432245240838, 2.5434241880241713, 3.8550890879450868, 11.3973565987366, 10.688684298124372, 7.985365935511931, 10.528549368565601, 9.086589227160134]]|[[3.9020463574065234, 11.694432245240838, 2.5434241880241713, 3.8550890879450868, 11.3973565987366, 10.688684298124372, 7.985365935511931, 10.528549368565601, 9.086589227160134]]
R [[7.543971945076276, 2.804098125483383, 9.364813102268073, 7.193952887146883, 8.472033748502678, 2.008088801026235, 5.1360510413688285, 3.602509607332396, 10.64895312468412]]|[[7.543971945076276, 2.804098125483383, 9.364813102268073, 7.193952887146883, 8.472033748502678, 2.008088801026235, 5.1360510413688285, 3.602509607332396, 10.64895312468412]]|[[7.543971945076276, 2.804098125483383, 9.364813102268073, 7.193952887146883, 8.472033748502678, 2.008088801026235, 5.1360510413688285, 3.602509607332396, 10.64895312468412]]
R [[3.525545905874695, 3.0251128295196485, 3.150731178949237, 1.3253006139651147, 1.6348351409256638, 0.5428820442162983, 6.748301030887394, 3.645145233607444, 4.065909171982925]]|[[3.525545905874695, 3.0251128295196485, 3.150731178949237, 1.3253006139651147, 1.6348351409256638, 0.5428820442162983, 6.748301030887394, 3.645145233607444, 4.065909171982925]]|[[3.525545905874695, 3.0251128295196485, 3.150731178949237, 1.3253006139651147, 1.6348351409256638, 0.5428820442162983, 6.748301030887394, 3.645145233607444, 4.065909171982925]]
R [[3.8831421425012693, 8.087955014477409, 0.4296893644242439, 6.105087061161579, 0.8369595662667888, 5.805219870809442, 0.933549738229642, 1.9238195221259438, 1.6058418495467164]]|[[3.8831421425012693, 8.087955014477409, 0.4296893644242439, 6.105087061161579, 0.8369595662667888, 5.805219870809442, 0.933549738229642, 1.9238195221259438, 1.6058418495467164]]|[[3.8831421425012693, 8.087955014477409, 0.4296893644242439, 6.105087061161579, 0.8369595662667888, 5.805219870809442, 0.933549738229642, 1.9238195221259438, 1.6058418495467164]]
R [[1.3509115391133992, 3.684762485231654, 10.413485979447069, 11.468609663331268, 4.445486124270836, 0.4152896684714942, 10.048406827948924, 1.5420989172388246, 8.053775999626874]]|[[1.3509115391133992, 3.684762485231654, 10.413485979447069, 11.468609663331268, 4.445486124270836, 0.4152896684714942, 10.048406827948924, 1.5420989172388246, 8.053775999626874]]|[[1.3509115391133992, 3.684762485231654, 10.413485979447069, 11.468609663331268, 4.445486124270836, 0.4152896684714942, 10.048406827948924, 1.5420989172388246, 8.053775999626874]]
R [[7.58528501020088, 1.624919438575804, 0.9127312826040765, 0.07794182324716825, 10.22308288330317, 2.6809950726651177, 1.560624519543798, 4.205839256405672, 1.019478140544857]]|[[7.58528501020088, 1.624919438575804, 0.9127312826040765, 0.07794182324716825, 10.22308288330317, 2.6809950726651177, 1.560624519543798, 4.205839256405672, 1.019478140544857]]|[[7.58528501020088, 1.624919438575804, 0.9127312826040765, 0.07794182324716825, 10.22308288330317, 2.6809950726651177, 1.560624519543798, 4.205839256405672, 1.019478140544857]]
R [[4.069559574378219, 0.5513243131844989, 11.503854702939257, 8.999158755103252, 11.038221450183032, 10.500525309871408, 10.008858878779757, 5.1216923468201365, 10.004464909869077]]|[[4.069559574378219, 0.5513243131844989, 11.503854702939257, 8.999158755103252, 11.038221450183032, 10.500525309871408, 10.008858878779757, 5.1216923468201365, 10.004464909869077]]|[[4.069559574378219, 0.5513243131844989, 11.503854702939257, 8.999158755103252, 11.038221450183032, 10.500525309871408, 10.008858878779757, 5.1216923468201365, 10.004464909869077]]
R [[3.4637730519701533, 10.707181018090644, 4.181463286540955, 7.845228583168904, 7.3232350201882515, 8.357859502236108, 8.711316663132871, 4.322730828168735, 10.613418436877064]]|[[3.4637730519701533, 10.707181018090644, 4.181463286540955, 7.845228583168904, 7.3232350201882515, 8.357859502236108, 8.711316663132871, 4.322730828168735, 10.613418436877064]]|[[3.4637730519701533, 10.707181018090644, 4.181463286540955, 7.845228583168904, 7.3232350201882515, 8.357859502236108, 8.711316663132871, 4.322730828168735, 10.613418436877064]]
